04853	0.507970
04853	0.294995
04853	0.538792
04853	0.305294
04853	0.124490
04853	0.406673
04853	0.411673
04853	0.566666
04853	0.362604
04853	0.157569
04853	0.437085
04853	0.300505
04853	0.510385
04853	0.303402
04853	0.106027
04633	0.355594
04633	0.331024
04633	0.346787
04633	0.399509
04633	0.355580
04633	0.333053
04633	0.329156
04633	0.279706
04633	0.338500
04633	0.313419
04633	0.331187
04633	0.326091
04633	0.306755
04633	0.343466
04633	0.293158
04838	0.407214
04838	0.329266
04838	0.644691
04838	0.304627
04838	0.344695
04838	0.486529
04838	0.341906
04838	0.574288
04838	0.387004
04838	0.423180
04838	0.497142
04838	0.448381
04838	0.626845
04838	0.438410
04838	0.446668
04265	0.490180
04265	0.533294
04265	0.381053
04265	0.363336
04265	0.463711
04265	0.509568
04265	0.292458
04265	0.246176
04265	0.389686
04265	0.423365
04265	0.298939
04265	0.321044
04734	0.057007
04734	0.088652
04734	0.115583
04734	0.155052
04734	0.086607
04734	0.077526
04734	0.103543
04734	0.125050
04734	0.202725
04734	0.116165
04734	0.064553
04734	0.128018
04734	0.120352
04734	0.180937
04734	0.122860
04573	0.175195
04573	0.314550
04573	0.134765
04573	0.202242
04573	0.325119
04573	0.158150
04573	0.157165
04573	0.260123
04573	0.147850
04846	0.306397
04846	0.238959
04846	0.307967
04846	0.301079
04846	0.253721
04846	0.318855
04846	0.276253
04846	0.318101
04846	0.297922
04846	0.240634
04846	0.321779
04846	0.255669
04846	0.318673
04846	0.318640
04846	0.247002
04866	0.209334
04866	0.333697
04866	0.177575
04866	0.527469
04866	0.236582
04866	0.323499
04866	0.140968
04866	0.520015
04866	0.272261
04866	0.352262
04866	0.168027
04866	0.578448
04395	0.327582
04395	0.800269
04395	0.332035
04395	0.461087
04395	0.312107
04395	0.779964
04395	0.263080
04395	0.427473
04395	0.344473
04395	0.724162
04395	0.286161
04395	0.436889
04898	0.735466
04898	0.576021
04898	0.289453
04898	0.400747
04898	0.680610
04898	0.603521
04898	0.440665
04898	0.476174
04898	0.676254
04898	0.554073
04898	0.388559
04898	0.465310
04779	0.225936
04779	0.237788
04779	0.224257
04779	0.216420
04779	0.253971
04779	0.235207
04779	0.285279
04779	0.218750
04779	0.238686
04779	0.240778
04779	0.239209
04779	0.225901
04589	0.422846
04589	0.431701
04589	0.178279
04589	0.260087
04589	0.259453
04589	0.505290
04589	0.495492
04589	0.196995
04589	0.231550
04589	0.236699
04589	0.456449
04589	0.470509
04589	0.217179
04589	0.301811
04589	0.235285
04382	0.450135
04382	0.416062
04382	0.445942
04382	0.641999
04382	0.593487
04382	0.455278
04382	0.442685
04382	0.481316
04382	0.633156
04382	0.596820
04382	0.387781
04382	0.389266
04382	0.422742
04382	0.425143
04382	0.382570
04397	0.586133
04397	0.455549
04397	0.382987
04397	0.405495
04397	0.347635
04397	0.669247
04397	0.525046
04397	0.455075
04397	0.390597
04397	0.423195
04397	0.638696
04397	0.401755
04397	0.243246
04397	0.321835
04397	0.239054
04890	0.212427
04890	0.237602
04890	0.444561
04890	0.887273
04890	0.740010
04890	0.200449
04890	0.275002
04890	0.436185
04890	0.886664
04890	0.710104
04890	0.229514
04890	0.297964
04890	0.413144
04890	0.912798
04890	0.729962
04505	0.244107
04505	0.286340
04505	0.322651
04505	0.259751
04505	0.228916
04505	0.312955
04505	0.289055
04505	0.340459
04505	0.224461
04505	0.433546
04505	0.221596
04505	0.247121
04505	0.302411
04505	0.272838
04505	0.293141
04787	0.198503
04787	0.224330
04787	0.850026
04787	0.237799
04787	0.170818
04787	0.184569
04787	0.208977
04787	0.890881
04787	0.220316
04787	0.191100
04787	0.148438
04787	0.130097
04787	0.925274
04787	0.295556
04787	0.244616
04530	0.268144
04530	0.305236
04530	0.305041
04530	0.239626
04530	0.338147
04530	0.325089
04530	0.360177
04530	0.342072
04530	0.230830
04530	0.404127
04530	0.314184
04530	0.357751
04530	0.328884
04530	0.227791
04530	0.350220
04444	0.371611
04444	0.435126
04444	0.342190
04444	0.389721
04444	0.494028
04444	0.309722
04444	0.375220
04444	0.290491
04444	0.320385
04444	0.412610
04444	0.400412
04444	0.445342
04444	0.311561
04444	0.351693
04444	0.473387
04470	0.546756
04470	0.632468
04470	0.474913
04470	0.441572
04470	0.472601
04470	0.651433
04470	0.687052
04470	0.511578
04470	0.403703
04470	0.532337
04470	0.499759
04470	0.526172
04470	0.356579
04470	0.345818
04470	0.392573
04482	0.345269
04482	0.312685
04482	0.325108
04482	0.269457
04482	0.306127
04482	0.352920
04482	0.260241
04482	0.309292
04482	0.280055
04482	0.438979
04482	0.313938
04482	0.223939
04482	0.290388
04482	0.272640
04482	0.439553
04451	0.412629
04451	0.238272
04451	0.337548
04451	0.417855
04451	0.266419
04451	0.361178
04451	0.400698
04451	0.230927
04451	0.351084
04857	0.343347
04857	0.351930
04857	0.473729
04857	0.279788
04857	0.423755
04857	0.422874
04857	0.500584
04857	0.331172
04857	0.345624
04857	0.280491
04857	0.582217
04857	0.231742
04436	0.311421
04436	0.436790
04436	0.238265
04436	0.284312
04436	0.333613
04436	0.286515
04436	0.447950
04436	0.296763
04436	0.381149
04436	0.336806
04436	0.268530
04436	0.410310
04436	0.301034
04436	0.327147
04436	0.336318
04811	0.300053
04811	0.455725
04811	0.454050
04811	0.311603
04811	0.211633
04811	0.261000
04811	0.416988
04811	0.413719
04811	0.266892
04811	0.177283
04811	0.358107
04811	0.412277
04811	0.427119
04811	0.363813
04811	0.377419
04689	0.274540
04689	0.343635
04689	0.309691
04689	0.317638
04689	0.298636
04689	0.301125
04689	0.486922
04689	0.459043
04689	0.409403
04689	0.410048
04689	0.306145
04689	0.432274
04689	0.430583
04689	0.419692
04689	0.369999
04800	0.288096
04800	0.316830
04800	0.255047
04495	0.377092
04495	0.338924
04495	0.277452
04495	0.297738
04495	0.285244
04495	0.319912
04495	0.322901
04495	0.260989
04495	0.234580
04495	0.272376
04495	0.336147
04495	0.345555
04495	0.258488
04495	0.297666
04495	0.293775
04473	0.425151
04473	0.306699
04473	0.398399
04473	0.324779
04473	0.317753
04473	0.397335
04473	0.300376
04473	0.371456
04473	0.285384
04473	0.288947
04473	0.348419
04473	0.306683
04473	0.331149
04473	0.285463
04473	0.243283
04437	0.428645
04437	0.386380
04437	0.425113
04437	0.351697
04437	0.063870
04437	0.395280
04437	0.370273
04437	0.427443
04437	0.348791
04437	0.079252
04691	0.329146
04691	0.308250
04691	0.287734
04691	0.252864
04691	0.244015
04691	0.228135
04691	0.272021
04691	0.279902
04691	0.180189
04282	0.182942
04282	0.273588
04282	0.236741
04282	0.157211
04282	0.238974
04282	0.151175
04744	0.205471
04744	0.334155
04744	0.245372
04744	0.237220
04744	0.217743
04744	0.209629
04744	0.324113
04744	0.198727
04744	0.301727
04744	0.244659
04744	0.259152
04744	0.284122
04744	0.229985
04744	0.333094
04744	0.301287
04418	0.234397
04418	0.328560
04418	0.256180
04418	0.229902
04418	0.411893
04418	0.463001
04418	0.363387
04418	0.353911
04418	0.413137
04418	0.473328
04418	0.423765
04418	0.394955
04708	0.273651
04708	0.273301
04708	0.279344
04708	0.378059
04708	0.257803
04708	0.290586
04708	0.271081
04708	0.315517
04708	0.351220
04708	0.305678
04708	0.289555
04708	0.373593
04708	0.395363
04708	0.303423
04708	0.370294
04754	0.273839
04754	0.285410
04754	0.346529
04754	0.290456
04754	0.372929
04687	0.470842
04687	0.285223
04687	0.318422
04687	0.447521
04687	0.244844
04687	0.257445
04833	0.217208
04833	0.136708
04833	0.240436
04833	0.134443
04833	0.167229
04833	0.208895
04833	0.138704
04833	0.236347
04833	0.147679
04833	0.173972
04833	0.276527
04833	0.182612
04833	0.317751
04833	0.206658
04833	0.226686
04481	0.373995
04481	0.418300
04481	0.275942
04481	0.351345
04481	0.308935
04481	0.469044
04481	0.456615
04481	0.354437
04481	0.452923
04481	0.319512
04481	0.418832
04481	0.489441
04481	0.341932
04481	0.412338
04481	0.280860
04670	0.413895
04670	0.434076
04670	0.421359
04670	0.221603
04670	0.328280
04670	0.372350
04670	0.447964
04670	0.385754
04670	0.252865
04670	0.304224
04670	0.502135
04670	0.497626
04670	0.482934
04670	0.292591
04670	0.370526
04553	0.343400
04553	0.454679
04553	0.281460
04553	0.344819
04553	0.413911
04553	0.250795
04553	0.338370
04553	0.434391
04553	0.254902
04504	0.397735
04504	0.322567
04504	0.313513
04511	0.548533
04511	0.235485
04511	0.202394
04511	0.373959
04511	0.288772
04511	0.666505
04511	0.251254
04511	0.177540
04511	0.301894
04511	0.334754
04511	0.553575
04511	0.179096
04511	0.192956
04511	0.327835
04511	0.312875
04425	0.154366
04425	0.169382
04425	0.161539
04425	0.139552
04425	0.200260
04425	0.132849
04425	0.131103
04425	0.234084
04425	0.139888
04784	0.369576
04784	0.420350
04784	0.388250
04784	0.482822
04784	0.410155
04784	0.550529
04784	0.511545
04784	0.541119
04784	0.572598
04784	0.622387
04784	0.551759
04784	0.521755
04784	0.517613
04784	0.572890
04784	0.597077
04697	0.428808
04697	0.498395
04697	0.415253
04697	0.328718
04697	0.411778
04697	0.385562
04697	0.421629
04697	0.259430
04697	0.406062
04697	0.429430
04697	0.394101
04697	0.253554
04430	0.218544
04430	0.221579
04430	0.260496
04430	0.216083
04430	0.154541
04430	0.313452
04430	0.326354
04430	0.359037
04430	0.311346
04430	0.225180
04430	0.286291
04430	0.247910
04430	0.312873
04430	0.222193
04430	0.169430
04535	0.170952
04535	0.219191
04535	0.216480
04535	0.217693
04535	0.228756
04535	0.197972
04535	0.174469
04535	0.228054
04535	0.180206
04273	0.674568
04273	0.487202
04273	0.431340
04273	0.281239
04273	0.347812
04273	0.687094
04273	0.581950
04273	0.409746
04273	0.311150
04273	0.337595
04273	0.612900
04273	0.424787
04273	0.452123
04273	0.365965
04273	0.250645
04381	0.630353
04381	0.615700
04381	0.555910
04381	0.622873
04381	0.646225
04381	0.554402
04381	0.690635
04381	0.614106
04381	0.526455
04472	0.410490
04472	0.383355
04472	0.557599
04472	0.329649
04472	0.389930
04472	0.456492
04472	0.373487
04472	0.589166
04472	0.410271
04472	0.539960
04472	0.498343
04472	0.423511
04472	0.633186
04472	0.382110
04472	0.492847
04539	0.363601
04539	0.508440
04539	0.489850
04539	0.435922
04539	0.795478
04539	0.308340
04539	0.577376
04539	0.528595
04539	0.478404
04539	0.815158
04539	0.427247
04539	0.506593
04539	0.465599
04539	0.417112
04539	0.747966
04673	0.508584
04673	0.439764
04673	0.428684
04673	0.418614
04673	0.484642
04673	0.384718
04673	0.308288
04673	0.291853
04673	0.300609
04673	0.344904
04673	0.459101
04673	0.389911
04673	0.385284
04673	0.401559
04673	0.384352
04772	0.186685
04772	0.292756
04772	0.322197
04772	0.266891
04772	0.193994
04772	0.191948
04772	0.291334
04772	0.306442
04772	0.248008
04772	0.220978
04772	0.245995
04772	0.304206
04772	0.315402
04772	0.254946
04772	0.199891
04927	0.243966
04927	0.286536
04927	0.263376
04927	0.247964
04927	0.337985
04927	0.378162
04927	0.283495
04927	0.302299
04927	0.329687
04927	0.371696
04927	0.333042
04927	0.335146
04927	0.267902
04927	0.319926
04927	0.303275
04927	0.286642
04887	0.322871
04887	0.266556
04887	0.288191
04887	0.210744
04887	0.339651
04887	0.492404
04887	0.305295
04887	0.469485
04887	0.280737
04887	0.422426
04887	0.226104
04887	0.372691
04790	0.269311
04790	0.293924
04790	0.199067
04790	0.293010
04790	0.385305
04790	0.292131
04790	0.312030
04790	0.200103
04790	0.282559
04790	0.343623
04790	0.341156
04790	0.300247
04790	0.246121
04790	0.297158
04790	0.371700
04417	0.257457
04417	0.227093
04417	0.409644
04417	0.345579
04417	0.213721
04417	0.525285
04417	0.240817
04417	0.207483
04417	0.406918
04394	0.866459
04394	0.369952
04394	0.344791
04394	0.884479
04394	0.402985
04394	0.420242
04394	0.964814
04394	0.346058
04394	0.369079
04650	0.478637
04650	0.524297
04650	0.336518
04650	0.259523
04650	0.316335
04650	0.631826
04650	0.679754
04650	0.502485
04650	0.480389
04650	0.503918
04650	0.604395
04650	0.654283
04650	0.490451
04650	0.460980
04650	0.505042
04221	0.286276
04221	0.310492
04221	0.273077
04221	0.252146
04221	0.265576
04221	0.378151
04221	0.390898
04221	0.357802
04221	0.299129
04221	0.308496
04221	0.370243
04221	0.384732
04221	0.363105
04221	0.304799
04221	0.304032
04507	0.401998
04507	0.344451
04507	0.328740
04507	0.468148
04507	0.407753
04507	0.360605
04507	0.273559
04507	0.393656
04507	0.343992
04765	0.219333
04765	0.258137
04765	0.330954
04765	0.401296
04765	0.353472
04765	0.257981
04765	0.249055
04765	0.279537
04765	0.300629
04765	0.256946
04765	0.197874
04765	0.193057
04765	0.187834
04765	0.173292
04765	0.213414
04309	0.343871
04309	0.355342
04309	0.291237
04309	0.331682
04309	0.407531
04309	0.427148
04309	0.405058
04309	0.375004
04309	0.383041
04309	0.482598
04309	0.387967
04309	0.319701
04309	0.356642
04309	0.373773
04309	0.416567
04786	0.363361
04786	0.394349
04786	0.396484
04786	0.246221
04786	0.294100
04786	0.413168
04786	0.474591
04786	0.500124
04786	0.278750
04786	0.327619
04786	0.345275
04786	0.307980
04786	0.320521
04786	0.229179
04786	0.284282
04749	0.522807
04749	0.420506
04749	0.525467
04749	0.319400
04749	0.342894
04749	0.482337
04749	0.434131
04749	0.472377
04749	0.268610
04749	0.282037
04749	0.460567
04749	0.431046
04749	0.524153
04749	0.352791
04749	0.376798
04746	0.421299
04746	0.426753
04746	0.391008
04746	0.304665
04746	0.469808
04746	0.434735
04746	0.432273
04746	0.442082
04746	0.309990
04746	0.488498
04746	0.423458
04746	0.395722
04746	0.374789
04746	0.284756
04746	0.447620
04322	0.346825
04322	0.372274
04322	0.382319
04322	0.414992
04322	0.240766
04322	0.250972
04322	0.461764
04322	0.430933
04322	0.283082
04322	0.317265
04322	0.367519
04322	0.366990
04361	0.324001
04361	0.309436
04361	0.289768
04361	0.453533
04361	0.257260
04361	0.300195
04361	0.326800
04361	0.254664
04361	0.295773
04361	0.334189
04361	0.338502
04361	0.302056
04886	0.068707
04886	0.064865
04886	0.299718
04337	0.223786
04337	0.406234
04337	0.391176
04337	0.173930
04337	0.481321
04337	0.430078
04337	0.186623
04337	0.514220
04337	0.393525
04907	0.177065
04907	0.342780
04907	0.303330
04907	0.414965
04907	0.181186
04907	0.205745
04907	0.382330
04907	0.343358
04907	0.404169
04907	0.199254
04907	0.195960
04907	0.315376
04907	0.270969
04907	0.392694
04907	0.198291
04907	0.147524
04907	0.348094
04907	0.309405
04907	0.422091
04907	0.145752
04587	0.507431
04587	0.849062
04587	0.854738
04587	0.355649
04587	0.410609
04587	0.421609
04587	0.872481
04587	0.884820
04587	0.233699
04587	0.264338
04587	0.468124
04587	0.911385
04587	0.897627
04587	0.284076
04587	0.350387
04201	0.334632
04201	0.299565
04201	0.318806
04201	0.490514
04201	0.459341
04201	0.370802
04201	0.340563
04201	0.301767
04201	0.426572
04201	0.405081
04201	0.443878
04201	0.425723
04201	0.353615
04201	0.543715
04201	0.447056
04427	0.361731
04427	0.385285
04427	0.445135
04427	0.374071
04427	0.407785
04427	0.330908
04427	0.306592
04427	0.398293
04427	0.316860
04427	0.405567
04427	0.225966
04427	0.281228
04427	0.368941
04427	0.248140
04427	0.316374
04782	0.269218
04782	0.365553
04782	0.341752
04782	0.269605
02463	0.454775
02463	0.569603
02463	0.344272
02463	0.415653
02463	0.436490
02463	0.522703
02463	0.581938
02463	0.355111
02463	0.417127
02463	0.523623
02463	0.475026
02463	0.529616
02463	0.305890
02463	0.412952
02463	0.418094
04758	0.306425
04758	0.443175
04758	0.441514
04758	0.369580
04758	0.245229
04758	0.312206
04758	0.388372
04758	0.365625
04758	0.353964
04758	0.271050
04758	0.254921
04758	0.435959
04758	0.390279
04758	0.346483
04758	0.206883
04577	0.477928
04577	0.380664
04577	0.240346
04577	0.518899
04577	0.451610
04577	0.262679
04577	0.421137
04577	0.415208
04577	0.251369
04387	0.171646
04387	0.188329
04387	0.218023
04387	0.201352
04387	0.178273
04387	0.241285
04387	0.203656
04387	0.182426
04387	0.151739
04387	0.252122
04387	0.167000
04387	0.259290
04387	0.198703
04387	0.187973
04387	0.206100
04471	0.261919
04471	0.390352
04471	0.225242
04471	0.348454
04471	0.355029
04471	0.395554
04471	0.521055
04471	0.343305
04471	0.457518
04471	0.469439
04471	0.218382
04471	0.380369
04471	0.219521
04471	0.315575
04471	0.329714
04821	0.383279
04821	0.413253
04821	0.357759
04821	0.336905
04821	0.707504
04821	0.336676
04821	0.397124
04821	0.323883
04821	0.276140
04821	0.692408
04821	0.498883
04821	0.497255
04821	0.556378
04821	0.447275
04821	0.441479
04522	0.220180
04522	0.242487
04522	0.278514
04522	0.244280
04522	0.235945
04522	0.210329
04522	0.252650
04522	0.296046
04522	0.237225
04522	0.240715
04522	0.202548
04522	0.226661
04522	0.240013
04522	0.203286
04522	0.182364
04726	0.201004
04726	0.176652
04726	0.245389
04726	0.157080
04726	0.178225
04726	0.191583
04726	0.164039
04726	0.261061
04726	0.147787
04726	0.195088
04726	0.269163
04726	0.253924
04726	0.249869
04726	0.175860
04726	0.196002
04832	0.167280
04832	0.153514
04832	0.169736
04832	0.220231
04832	0.194469
04832	0.150028
04832	0.218207
04832	0.179638
04832	0.278015
04832	0.220284
04832	0.157105
04832	0.123300
04832	0.119964
04832	0.269593
04832	0.215883
04312	0.406742
04312	0.350883
04312	0.439022
04312	0.423930
04312	0.215455
04312	0.343814
04312	0.407110
04312	0.305082
04312	0.371454
04766	0.272162
04766	0.375237
04766	0.266885
04777	0.263018
04777	0.380337
04777	0.316223
04777	0.347879
04777	0.371077
04777	0.405761
04777	0.468807
04777	0.317670
04777	0.370936
04777	0.419634
04777	0.275204
04777	0.406219
04777	0.317936
04777	0.344058
04777	0.375061
04368	0.346857
04368	0.372965
04368	0.329872
04368	0.357897
04368	0.358709
04368	0.322684
04368	0.407382
04368	0.421502
04368	0.380909
04814	0.431750
04814	0.438693
04814	0.360849
04814	0.444890
04814	0.385651
04814	0.381123
04814	0.319228
04814	0.411365
04814	0.239534
04814	0.254870
04814	0.315151
04814	0.396034
04632	0.436641
04632	0.343206
04632	0.461709
04632	0.565986
04632	0.502809
04632	0.435368
04632	0.413368
04632	0.509160
04632	0.442334
04632	0.474119
04632	0.447162
04632	0.330419
04632	0.429246
04632	0.644001
04632	0.453634
04320	0.357118
04320	0.461198
04320	0.395947
04320	0.403551
04320	0.430675
04320	0.555325
04320	0.450591
04320	0.340500
04320	0.264604
04320	0.369137
04320	0.294908
04320	0.336027
04889	0.945653
04889	0.946725
04889	0.324899
04889	0.976711
04889	0.986816
04889	0.346613
04889	0.955938
04889	0.970088
04889	0.419038
04344	0.411092
04344	0.389189
04344	0.256337
04344	0.470609
04344	0.412226
04344	0.338481
04344	0.465490
04344	0.422133
04344	0.286719
04410	0.367366
04410	0.500500
04410	0.667460
04410	0.265788
04410	0.426742
04410	0.564852
04410	0.238323
04410	0.506586
04410	0.620021
04446	0.280630
04446	0.346435
04446	0.362915
04446	0.214583
04446	0.340979
04446	0.367369
04446	0.430183
04446	0.473505
04446	0.323514
04446	0.388922
04446	0.345404
04446	0.384896
04446	0.450306
04446	0.311949
04446	0.397725
04656	0.186471
04656	0.209239
04656	0.229361
04656	0.220352
04656	0.227277
04656	0.240210
04656	0.280322
04656	0.271233
04656	0.227244
04656	0.247095
04656	0.293343
04656	0.272470
04856	0.443538
04856	0.701526
04856	0.645942
04856	0.330241
04856	0.281696
04856	0.454143
04856	0.710930
04856	0.617084
04856	0.359606
04856	0.187639
04856	0.475588
04856	0.604701
04856	0.596979
04856	0.385292
04856	0.262120
04702	0.433629
04702	0.650700
04702	0.721894
04702	0.576694
04702	0.583498
04702	0.504613
04702	0.537144
04702	0.648004
04702	0.447300
04702	0.452202
04702	0.624719
04702	0.475857
04702	0.644346
04702	0.430460
04702	0.499592
04922	0.247605
04922	0.353597
04922	0.360514
04922	0.285542
04922	0.324431
04922	0.320114
04922	0.330201
04922	0.325617
04922	0.291153
04922	0.344724
04922	0.349157
04922	0.275980
04731	0.385583
04731	0.683290
04731	0.398303
04731	0.418069
04731	0.413793
04731	0.408452
04731	0.706369
04731	0.403343
04731	0.327748
04731	0.336913
04731	0.465164
04731	0.700463
04731	0.437191
04731	0.454015
04731	0.425516
04628	0.322931
04628	0.329119
04628	0.332265
04628	0.396060
04628	0.386893
04628	0.258989
04628	0.282783
04628	0.280315
04628	0.391951
04628	0.374645
04628	0.295899
04628	0.300625
04628	0.298728
04628	0.400555
04628	0.384162
04212	0.281701
04212	0.299188
04212	0.431491
04212	0.380112
04212	0.259452
04212	0.275586
04212	0.412123
04212	0.377560
04212	0.267809
04212	0.265927
04212	0.384872
04212	0.375178
04386	0.365196
04386	0.296061
04386	0.299835
04386	0.254429
04386	0.408554
04386	0.336011
04386	0.361096
04386	0.311850
04386	0.325437
04386	0.271694
04386	0.266255
04386	0.195362
04404	0.214136
04404	0.289151
04404	0.261468
04404	0.218483
04404	0.230028
04404	0.306403
04404	0.233713
04404	0.151015
04404	0.347848
04404	0.350612
04404	0.279432
04404	0.353158
04350	0.298674
04350	0.268752
04350	0.208834
04350	0.248478
04350	0.359907
04350	0.324108
04350	0.284401
04350	0.296713
04350	0.234632
04350	0.217376
04350	0.188401
04350	0.195617
04585	0.566268
04585	0.771330
04585	0.506821
04585	0.554388
04585	0.665149
04585	0.647960
04585	0.735588
04585	0.549933
04585	0.631459
04585	0.697191
04585	0.483486
04585	0.707655
04585	0.444390
04585	0.506251
04585	0.620313
04529	0.451572
04529	0.280875
04529	0.302615
04683	0.249079
04683	0.185227
04683	0.125860
04683	0.136269
04683	0.302399
04683	0.264519
04683	0.181879
04683	0.177338
04683	0.197870
04683	0.173060
04683	0.148659
04683	0.170724
04936	0.366708
04936	0.346931
04936	0.314267
04936	0.449782
04936	0.415679
04936	0.335289
04936	0.311947
04936	0.269407
04936	0.415302
04936	0.370175
04936	0.354352
04936	0.334665
04936	0.290354
04936	0.443331
04936	0.414690
04936	0.457957
04936	0.419347
04936	0.392781
04936	0.569115
04936	0.525859
04508	0.270475
04508	0.197025
04508	0.252768
04508	0.242727
04508	0.286426
04508	0.294667
04508	0.214421
04508	0.314320
04508	0.254170
04508	0.271514
04508	0.381797
04508	0.279848
04508	0.360658
04508	0.293245
04508	0.294543
04514	0.453407
04514	0.541945
04514	0.399705
04514	0.596495
04514	0.419877
04514	0.545946
04514	0.615578
04514	0.440839
04514	0.527117
04514	0.484339
04514	0.483995
04514	0.550109
04514	0.420376
04514	0.501066
04514	0.447687
04824	0.063360
04824	0.062478
04824	0.388009
04824	0.048535
04824	0.046944
04824	0.351479
04580	0.377295
04580	0.374588
04580	0.315297
04580	0.373907
04580	0.428385
04580	0.370598
04580	0.373430
04580	0.340090
04580	0.341026
04580	0.407624
04580	0.390725
04580	0.380635
04580	0.331446
04580	0.358670
04580	0.435889
04676	0.261955
04676	0.319930
04676	0.339575
04676	0.261733
04676	0.319800
04676	0.349068
04676	0.328213
04676	0.380567
04676	0.404527
04928	0.751888
04928	0.719626
04928	0.439125
04928	0.461692
04928	0.403997
04928	0.661922
04928	0.660551
04928	0.425369
04928	0.400915
04928	0.358432
04928	0.577077
04928	0.671450
04928	0.530408
04928	0.528039
04928	0.455606
04928	0.721612
04928	0.627521
04928	0.395691
04928	0.422332
04928	0.320075
04370	0.488503
04370	0.404700
04370	0.496302
04370	0.430825
04370	0.378403
04370	0.436952
04370	0.371275
04370	0.479526
04370	0.393869
04370	0.324909
04370	0.401969
04370	0.387306
04370	0.479112
04370	0.382069
04370	0.350473
04502	0.362392
04502	0.320529
04502	0.527518
04502	0.531467
04502	0.329079
04502	0.257671
04502	0.484329
04502	0.497207
04502	0.355275
04502	0.337583
04502	0.548169
04502	0.546364
04531	0.353749
04531	0.454024
04531	0.332212
04531	0.395883
04531	0.418751
04531	0.380805
04531	0.488245
04531	0.326734
04531	0.408747
04531	0.436113
04531	0.373598
04531	0.427280
04531	0.293740
04531	0.311020
04531	0.416079
04705	0.523084
04705	0.329204
04705	0.396589
04705	0.550274
04705	0.518248
04705	0.283185
04705	0.402826
04705	0.528034
04705	0.545728
04705	0.423870
04705	0.402645
04705	0.533945
04764	0.352003
04764	0.401663
04764	0.288879
04764	0.297023
04764	0.397526
04764	0.449177
04764	0.330287
04764	0.335786
04764	0.375658
04764	0.418098
04764	0.308264
04764	0.312005
04311	0.508045
04311	0.641729
04311	0.526405
04311	0.613915
04311	0.454224
04311	0.549007
04311	0.652009
04311	0.519024
04311	0.528955
04311	0.524849
04311	0.542792
04311	0.602083
04311	0.497925
04311	0.584675
04311	0.466969
04719	0.483425
04719	0.264017
04719	0.467428
04719	0.461681
04719	0.550207
04719	0.451667
04719	0.264773
04719	0.465222
04719	0.435734
04719	0.542864
04719	0.487239
04719	0.263771
04719	0.485130
04719	0.462862
04719	0.529059
04774	0.292366
04774	0.293599
04774	0.337805
04774	0.266677
04774	0.290487
04774	0.343499
04774	0.255336
04774	0.254957
04774	0.296680
04750	0.550128
04750	0.456771
04750	0.558271
04750	0.339116
04750	0.254660
04750	0.630775
04750	0.482354
04750	0.631212
04750	0.378150
04750	0.325328
04750	0.577447
04750	0.425965
04750	0.575317
04750	0.358812
04750	0.378258
04537	0.330860
04537	0.394409
04537	0.359693
04537	0.237005
04537	0.204512
04537	0.284192
04537	0.402682
04537	0.363916
04537	0.215897
04537	0.252933
04537	0.319323
04537	0.419161
04537	0.408217
04537	0.245523
04537	0.238845
04893	0.427262
04893	0.496340
04893	0.591271
04893	0.595306
04893	0.605347
04893	0.366934
04893	0.425858
04893	0.574049
04893	0.612405
04893	0.615992
04893	0.415467
04893	0.454458
04893	0.540789
04893	0.557221
04893	0.581589
04629	0.150665
04629	0.151967
04629	0.251779
04629	0.243513
04629	0.120213
04629	0.225248
04629	0.231323
04629	0.351581
04629	0.345351
04629	0.151189
04629	0.210992
04629	0.162003
04629	0.223063
04629	0.199749
04629	0.152546
04840	0.228716
04840	0.270405
04840	0.256518
04840	0.118093
04840	0.196964
04840	0.126561
04840	0.198937
04840	0.292319
04840	0.193943
04830	0.259636
04830	0.293988
04830	0.328955
04830	0.398566
04830	0.363991
04830	0.363062
04830	0.361536
04830	0.419834
04830	0.457252
04830	0.467765
04830	0.450658
04830	0.483322
04914	0.423765
04914	0.366551
04914	0.437883
04914	0.461143
04914	0.412212
04914	0.441943
04914	0.388039
04914	0.461409
04914	0.477934
04914	0.436049
04914	0.406793
04914	0.328850
04914	0.411968
04914	0.423833
04914	0.393437
04914	0.460630
04914	0.383824
04914	0.482123
04914	0.481400
04914	0.462053
04615	0.389030
04615	0.333160
04615	0.321873
04615	0.357950
04615	0.266332
04615	0.411116
04615	0.384985
04615	0.351608
04615	0.395290
04615	0.403363
04615	0.535538
04615	0.477332
04615	0.457688
04615	0.494358
04615	0.317444
04600	0.286158
04600	0.349116
04600	0.334140
04600	0.246036
04600	0.321322
04600	0.259702
04600	0.312429
04600	0.310693
04600	0.210700
04600	0.281777
04600	0.282723
04600	0.276494
04600	0.269565
04600	0.192400
04600	0.269242
04868	0.358232
04868	0.299839
04868	0.314905
04868	0.337863
04868	0.276587
04868	0.315998
04868	0.329797
04868	0.301108
04868	0.295648
04868	0.297167
04868	0.299547
04868	0.311827
04388	0.514533
04388	0.233269
04388	0.392372
04388	0.297023
04388	0.464183
04388	0.537088
04388	0.253234
04388	0.378792
04388	0.321393
04388	0.479109
04388	0.506973
04388	0.278072
04388	0.377251
04388	0.289135
04388	0.476170
04903	0.658753
04903	0.289697
04903	0.401901
04903	0.175276
04903	0.483765
04903	0.690095
04903	0.377211
04903	0.482642
04903	0.210354
04903	0.556772
04903	0.617183
04903	0.318648
04903	0.404913
04903	0.210927
04903	0.490957
04641	0.897121
04641	0.468050
04641	0.679523
04641	0.457782
04641	0.621252
04641	0.720376
04641	0.377821
04641	0.544352
04641	0.406703
04641	0.522302
04641	0.858016
04641	0.395994
04641	0.547660
04641	0.348715
04641	0.552111
04789	0.077912
04789	0.255837
04789	0.555927
04789	0.126952
04789	0.278775
04789	0.567884
04789	0.154157
04789	0.259288
04789	0.512443
04288	0.267211
04288	0.369066
04288	0.248026
04288	0.403327
04288	0.284930
04288	0.328060
04288	0.216610
04288	0.375214
04288	0.253385
04288	0.294490
04288	0.186512
04288	0.326334
04918	0.487818
04918	0.499289
04918	0.540395
04918	0.483365
04918	0.515640
04918	0.549322
04918	0.464197
04918	0.507073
04918	0.471656
04918	0.458736
04918	0.516889
04918	0.485749
04343	0.424717
04343	0.442826
04343	0.391076
04343	0.371137
04343	0.766698
04343	0.396027
04343	0.521447
04343	0.363829
04343	0.334144
04343	0.868276
04343	0.342182
04343	0.450483
04343	0.325996
04343	0.246138
04343	0.734573
04933	0.339767
04933	0.215842
04933	0.327785
04933	0.409675
04933	0.228080
04933	0.386488
04933	0.412537
04933	0.244628
04933	0.376297
04933	0.432108
04933	0.222705
04933	0.374129
04878	0.277976
04878	0.300102
04878	0.217773
04878	0.277875
04878	0.793464
04878	0.360364
04878	0.329166
04878	0.296433
04878	0.379526
04878	0.750425
04878	0.346871
04878	0.330548
04878	0.295420
04878	0.372721
04878	0.758259
04442	0.253011
04442	0.341237
04442	0.247202
04442	0.407580
04442	0.403877
04442	0.236523
04442	0.374135
04442	0.252167
04442	0.375872
04442	0.399061
04442	0.244211
04442	0.366825
04442	0.255818
04442	0.422289
04442	0.441782
04485	0.563671
04485	0.420582
04485	0.406901
04485	0.452857
04485	0.564964
04485	0.596284
04485	0.430597
04485	0.458899
04485	0.462277
04485	0.555647
04485	0.530157
04485	0.410462
04485	0.384900
04485	0.417093
04485	0.510069
04449	0.325773
04449	0.328448
04449	0.315575
04449	0.366935
04449	0.492701
04449	0.343631
04449	0.351630
04449	0.326984
04449	0.384723
04449	0.510558
04449	0.388738
04449	0.309752
04449	0.238712
04449	0.407950
04449	0.385761
04548	0.653333
04548	0.665491
04548	0.401844
04548	0.544875
04548	0.554130
04548	0.331430
04548	0.619996
04548	0.626149
04548	0.355855
04380	0.161415
04380	0.145740
04380	0.426028
04380	0.459524
04380	0.440588
04380	0.157198
04380	0.146035
04380	0.415802
04380	0.431405
04380	0.465751
04380	0.187335
04380	0.160585
04380	0.396282
04380	0.412973
04380	0.390610
04202	0.146177
04202	0.238652
04202	0.197738
04202	0.330014
04202	0.349151
04202	0.174204
04202	0.264679
04202	0.226431
04202	0.356786
04202	0.387764
04202	0.181639
04202	0.256388
04202	0.228725
04202	0.342625
04202	0.340558
04379	0.577386
04379	0.518008
04379	0.314885
04379	0.378681
04379	0.484776
04379	0.577205
04379	0.486933
04379	0.346788
04379	0.356261
04379	0.443965
04379	0.603923
04379	0.555495
04379	0.383449
04379	0.359803
04379	0.470694
04428	0.291079
04428	0.296304
04428	0.151330
04428	0.182868
04428	0.193344
04428	0.259106
04428	0.237330
04428	0.216966
04428	0.236645
04428	0.145042
04428	0.252642
04428	0.229955
04428	0.159985
04428	0.185948
04428	0.167943
04568	0.342353
04568	0.372757
04568	0.336997
04568	0.378888
04568	0.433155
04568	0.266868
04568	0.279990
04568	0.292199
04568	0.285256
04568	0.314513
04568	0.365479
04568	0.391657
04568	0.401199
04568	0.333113
04568	0.377986
04334	0.162831
04334	0.181962
04334	0.145292
04334	0.171337
04334	0.165795
04334	0.217387
04334	0.204144
04334	0.183459
04334	0.196726
04334	0.255484
04334	0.166686
04334	0.206148
04334	0.210872
04334	0.166861
04334	0.225346
04644	0.420777
04644	0.422912
04644	0.280248
04644	0.363346
04644	0.456376
04644	0.405069
04644	0.250157
04644	0.376712
04644	0.419850
04644	0.370301
04644	0.245076
04644	0.349581
04579	0.258066
04579	0.256735
04579	0.323633
04579	0.334801
04579	0.353531
04579	0.337208
04579	0.324193
04579	0.371895
04579	0.332275
04579	0.403844
04579	0.350055
04579	0.347038
04579	0.397607
04579	0.345346
04579	0.413882
04785	0.375151
04785	0.297236
04785	0.584028
04785	0.449803
04785	0.388580
04785	0.402070
04785	0.336564
04785	0.619961
04785	0.444845
04785	0.403527
04785	0.354622
04785	0.246451
04785	0.598000
04785	0.368975
04785	0.335993
04849	0.209522
04849	0.228207
04849	0.111694
04849	0.141137
04849	0.208095
04849	0.209796
04849	0.157247
04849	0.199726
04849	0.236100
04849	0.225251
04849	0.146828
04849	0.194441
04222	0.252042
04222	0.382714
04222	0.349932
04222	0.308052
04222	0.303269
04222	0.388382
04222	0.428209
04222	0.443065
04222	0.407368
04222	0.345703
04222	0.386610
04222	0.423632
04222	0.508002
04222	0.457492
04222	0.411776
04717	0.385368
04717	0.518551
04717	0.480517
04717	0.401714
04717	0.386169
04717	0.386322
04717	0.332644
04717	0.346702
04717	0.354622
04720	1.052339
04720	0.470840
04720	0.800349
04720	0.457477
04720	0.494294
04720	1.085176
04720	0.386253
04720	0.839369
04720	0.396083
04720	0.438188
04720	1.121882
04720	0.311099
04720	0.873069
04720	0.287775
04720	0.333659
04606	0.403776
04606	0.429589
04606	0.276008
04606	0.338563
04606	0.588153
04606	0.539698
04606	0.373541
04606	0.451726
04606	0.307707
04606	0.269002
04606	0.193211
04606	0.238710
04822	0.275280
04822	0.301420
04822	0.253728
04822	0.210099
04822	0.123961
04822	0.186396
04822	0.221666
04822	0.167931
04822	0.155888
04822	0.114724
04822	0.239594
04822	0.267962
04822	0.222622
04822	0.198815
04822	0.118392
04929	0.491253
04929	0.215967
04929	0.282257
04929	0.236717
04929	0.556979
04929	0.271151
04929	0.333421
04929	0.318938
04929	0.513372
04929	0.227198
04929	0.266364
04929	0.270562
04929	0.562959
04929	0.284321
04929	0.365549
04929	0.348743
04429	0.249843
04429	0.227886
04429	0.159486
04429	0.324305
04429	0.317352
04429	0.220078
04429	0.330338
04429	0.333543
04429	0.223232
04854	0.513928
04854	0.532148
04854	0.449906
04854	0.370944
04854	0.530670
04854	0.558392
04854	0.432383
04854	0.346183
04854	0.457374
04854	0.457758
04854	0.385138
04854	0.298684
04780	0.301854
04780	0.291840
04780	0.149712
04780	0.254925
04780	0.364540
04780	0.301396
04780	0.246714
04780	0.250093
04780	0.326382
04780	0.273712
04780	0.376722
04780	0.286202
04780	0.237236
04780	0.408960
04780	0.234621
04869	0.439541
04869	0.332951
04869	0.446757
04869	0.442276
04869	0.468887
04869	0.425974
04869	0.337553
04869	0.468651
04869	0.484335
04869	0.492758
04869	0.450887
04869	0.368945
04869	0.515563
04869	0.456367
04869	0.481134
04261	0.277869
04261	0.201053
04261	0.211175
04261	0.206897
04261	0.310294
04261	0.236876
04261	0.234213
04261	0.230334
04261	0.321975
04261	0.243039
04261	0.239864
04261	0.239106
04286	0.562436
04286	0.596916
04286	0.604573
04286	0.641342
04286	0.745786
04286	0.612434
04286	0.634557
04286	0.633544
04286	0.692448
04286	0.716712
04286	0.502070
04286	0.547363
04286	0.552945
04286	0.611699
04286	0.661032
04768	0.410180
04768	0.324889
04768	0.368083
04768	0.437812
04768	0.404212
04768	0.456293
04768	0.364799
04768	0.435474
04768	0.485849
04768	0.454798
04768	0.379276
04768	0.289589
04768	0.352902
04768	0.416623
04768	0.377314
04460	0.533597
04460	0.390019
04460	0.425260
04460	0.484815
04460	0.569649
04460	0.683151
04460	0.469939
04460	0.435629
04460	0.479270
04460	0.614870
04460	0.481702
04460	0.437278
04460	0.470467
04460	0.519082
04460	0.598361
04610	0.391446
04610	0.337075
04610	0.421356
04610	0.385517
04610	0.345927
04610	0.367549
04610	0.429037
04610	0.366219
04610	0.436632
04921	0.344339
04921	0.435195
04921	0.587699
04921	0.500683
04921	0.417776
04921	0.490509
04921	0.585614
04921	0.529904
04921	0.417556
04921	0.510074
04921	0.539253
04921	0.477793
04921	0.490439
04921	0.570718
04921	0.621018
04921	0.541205
04542	0.533832
04542	0.430940
04542	0.675097
04542	0.312705
04542	0.340222
04542	0.417488
04542	0.343733
04542	0.520033
04542	0.261442
04542	0.251610
04542	0.519287
04542	0.476941
04542	0.736226
04542	0.340428
04542	0.431036
04688	0.434667
04688	0.486829
04688	0.357278
04688	0.456105
04688	0.282500
04688	0.538171
04688	0.547056
04688	0.440848
04688	0.497654
04688	0.343621
04319	0.307397
04319	0.290966
04319	0.497662
04319	0.507896
04319	0.475497
04319	0.314197
04319	0.291051
04319	0.467158
04319	0.501687
04319	0.430522
04319	0.337248
04319	0.328495
04319	0.496758
04319	0.489263
04319	0.415965
04645	0.448127
04645	0.244740
04645	0.300643
04645	0.284621
04645	0.298205
04645	0.481666
04645	0.309312
04645	0.322804
04645	0.330273
04645	0.360351
04645	0.488162
04645	0.297585
04645	0.334063
04645	0.355104
04645	0.347763
04778	0.508730
04778	0.658277
04778	0.721451
04778	0.778193
04778	0.379907
04778	0.526222
04778	0.747166
04778	0.738406
04778	0.832324
04778	0.415541
04778	0.387236
04778	0.555817
04778	0.668431
04778	0.680526
04778	0.266541
04558	0.388569
04558	0.422454
04558	0.423799
04558	0.378608
04558	0.343453
04558	0.171578
04558	0.415778
04558	0.484551
04558	0.381748
04558	0.329672
04558	0.522861
04558	0.339825
04558	0.322490
04558	0.363280
04558	0.322670
04327	0.714295
04327	0.655374
04327	0.426697
04327	0.541732
04327	0.681322
04327	0.731405
04327	0.688153
04327	0.476454
04327	0.616327
04327	0.725237
04327	0.638417
04327	0.599916
04327	0.410294
04327	0.550945
04327	0.663554
04813	0.308918
04813	0.342945
04813	0.342516
04813	0.289638
04813	0.208914
04813	0.301986
04813	0.272702
04813	0.205510
04813	0.328093
04813	0.262862
04813	0.375915
04813	0.177666
04831	0.334212
04831	0.363554
04831	0.279580
04831	0.244979
04831	0.318988
04831	0.323364
04831	0.331402
04831	0.226098
04831	0.328288
04831	0.339044
04831	0.308955
04831	0.253616
04872	0.257279
04872	0.240952
04872	0.254257
04493	0.485180
04493	0.522550
04493	0.464987
04493	0.651445
04493	0.659506
04493	0.477556
04493	0.311825
04493	0.374301
04493	0.377187
04727	0.306387
04727	0.331684
04727	0.346887
04727	0.289511
04727	0.372367
04727	0.242830
04727	0.361750
04727	0.338898
04727	0.289197
04727	0.301441
04727	0.319494
04727	0.369053
04727	0.351795
04727	0.367824
04727	0.378958
04556	0.371409
04556	0.299092
04556	0.348041
04556	0.224079
04556	0.256794
04556	0.357750
04556	0.281065
04556	0.361352
04556	0.305568
04556	0.231619
04556	0.348069
04556	0.291913
04556	0.317761
04556	0.182233
04556	0.273516
04836	0.391851
04836	0.309801
04836	0.399662
04836	0.310578
04836	0.463911
04836	0.574333
04836	0.446225
04836	0.513486
04836	0.386991
04836	0.568389
04836	0.468692
04836	0.342608
04836	0.452745
04836	0.266459
04836	0.433583
04882	0.198326
04882	0.192443
04882	0.225136
04882	0.128672
04882	0.229617
04882	0.227746
04882	0.267945
04882	0.168045
04882	0.203600
04882	0.203995
04882	0.243278
04882	0.141049
04347	0.523121
04347	0.540420
04347	0.520869
04347	0.315660
04347	0.285204
04347	0.525888
04347	0.554008
04347	0.527296
04347	0.345497
04347	0.303013
04347	0.516113
04347	0.552157
04347	0.505608
04347	0.342248
04347	0.319695
04631	0.341017
04631	0.324139
04631	0.228260
04631	0.313561
04631	0.270100
04631	0.287136
04631	0.272421
04631	0.202302
04631	0.252317
04631	0.192869
04631	0.323051
04631	0.312229
04631	0.237299
04631	0.286984
04631	0.226044
04376	0.337668
04376	0.336877
04376	0.295059
04376	0.248593
04376	0.296225
04376	0.350248
04376	0.302023
04376	0.260252
04376	0.255218
04376	0.302484
04376	0.340164
04376	0.292426
04376	0.257058
04376	0.235914
04376	0.261095
04810	0.336788
04810	0.370979
04810	0.362361
04810	0.379314
04810	0.346725
04810	0.403880
04810	0.364529
04810	0.379043
04810	0.379702
04810	0.438831
04810	0.374164
04810	0.444644
04324	0.379267
04324	0.400779
04324	0.361683
04324	0.333317
04324	0.325952
04324	0.363755
04324	0.292481
04324	0.299295
04324	0.260888
04324	0.302463
04324	0.326914
04324	0.322484
04300	0.306584
04300	0.260925
04300	0.258872
04300	0.360903
04300	0.366497
04300	0.264336
04300	0.254085
04300	0.255910
04300	0.434761
04300	0.445048
04300	0.256579
04300	0.235904
04300	0.236443
04300	0.375346
04300	0.382148
04622	0.399848
04622	0.377254
04622	0.463856
04622	0.477484
04622	0.478851
04622	0.505331
04622	0.695157
04622	0.583975
04622	0.366978
04622	0.346429
04622	0.519862
04622	0.369160
04745	0.380055
04745	0.314022
04745	0.261197
04745	0.364834
04745	0.369923
04745	0.293566
04745	0.255197
04745	0.213179
04745	0.295781
04745	0.266298
04745	0.337401
04745	0.334432
04745	0.242792
04745	0.279899
04745	0.295416
04323	0.290305
04323	0.513840
04323	0.348612
04323	0.319312
04323	0.471393
04323	0.389089
04323	0.373608
04323	0.510028
04323	0.452494
04818	0.338213
04818	0.531090
04818	0.515072
04818	0.424308
04818	0.416418
04818	0.397866
04818	0.658666
04818	0.621579
04818	0.600554
04818	0.529247
04818	0.388827
04818	0.659506
04818	0.625628
04818	0.581072
04818	0.535844
04434	0.284793
04434	0.320433
04434	0.242747
04434	0.283320
04434	0.320691
04434	0.224452
04434	0.321595
04434	0.364280
04434	0.221908
04646	0.168727
04646	0.208052
04646	0.168848
04646	0.170665
04646	0.189745
04646	0.170929
04302	0.169084
04302	0.249428
04302	0.218174
04302	0.182646
04302	0.203354
04302	0.222942
04302	0.243356
04302	0.182301
04302	0.174939
04302	0.163689
04302	0.163718
04302	0.205187
04302	0.119618
04302	0.117018
04302	0.139283
04524	0.230777
04524	0.204610
04524	0.326258
04524	0.264674
04524	0.316910
04524	0.294572
04524	0.243644
04524	0.321961
04524	0.283397
04524	0.378685
04524	0.290779
04524	0.254972
04524	0.343014
04524	0.309580
04524	0.351599
04203	0.128278
04203	0.290281
04203	0.272411
04203	0.256665
04203	0.530834
04203	0.173964
04203	0.299156
04203	0.285738
04203	0.276589
04203	0.565558
04203	0.197709
04203	0.257857
04203	0.346403
04203	0.239612
04203	0.599080
04603	0.280853
04603	0.253619
04603	0.196210
04603	0.163860
04603	0.239784
04603	0.282175
04603	0.280358
04603	0.194122
04603	0.256589
04603	0.243888
04603	0.212672
04603	0.140474
04549	0.284909
04549	0.140005
04549	0.575443
04549	0.189233
04549	0.138296
04549	0.629036
04549	0.266962
04549	0.151850
04549	0.642018
04597	0.412881
04597	0.284501
04597	0.265518
04597	0.402699
04597	0.488998
04597	0.401896
04597	0.280567
04597	0.255568
04597	0.395368
04597	0.507193
04597	0.345382
04597	0.278306
04597	0.318933
04597	0.400109
04597	0.504962
04904	0.329496
04904	0.254634
04904	0.349202
04904	0.242341
04904	0.214042
04904	0.331931
04904	0.230730
04904	0.334235
04904	0.234983
04904	0.246518
04904	0.355607
04904	0.335876
04904	0.410506
04904	0.222284
04904	0.265009
04256	0.273272
04256	0.339263
04256	0.309830
04256	0.267604
04256	0.312572
04256	0.383406
04256	0.280436
04256	0.324681
04256	0.401144
04884	0.508127
04884	0.474565
04884	0.449561
04884	0.565757
04884	0.333662
04884	0.457002
04884	0.484120
04884	0.395095
04884	0.529874
04884	0.407506
04884	0.487711
04884	0.482617
04884	0.426696
04884	0.518063
04884	0.384707
04561	0.229031
04561	0.259935
04561	0.292371
04561	0.246732
04561	0.248597
04561	0.253432
04561	0.308697
04561	0.331882
04561	0.268573
04561	0.243121
04561	0.190615
04561	0.229025
04561	0.256963
04561	0.255407
04561	0.274321
04635	0.480737
04635	0.562482
04635	0.643049
04635	0.589990
04635	0.490073
04635	0.583902
04635	0.590938
04635	0.539528
04635	0.413372
04635	0.495936
04635	0.480847
04635	0.507549
04533	0.335150
04533	0.288646
04533	0.249057
04533	0.269016
04533	0.409459
04533	0.314662
04533	0.260753
04533	0.285818
04533	0.357077
04533	0.271482
04533	0.252942
04533	0.262001
04431	0.319283
04431	0.345184
04431	0.383142
04431	0.193888
04431	0.289218
04431	0.374642
04431	0.370015
04431	0.398146
04431	0.199601
04431	0.331997
04431	0.295226
04431	0.350305
04431	0.395236
04431	0.247642
04431	0.278232
04815	0.361266
04815	0.479580
04815	0.430594
04815	0.468569
04815	0.683542
04815	0.426980
04815	0.581542
04815	0.454616
04815	0.541714
04815	0.739369
04815	0.425486
04815	0.514603
04815	0.411010
04815	0.515048
04815	0.731063
04876	0.410943
04876	0.530914
04876	0.214425
04876	0.337313
04876	0.408761
04876	0.437012
04876	0.588312
04876	0.323490
04876	0.385122
04876	0.427331
04876	0.566328
04876	0.773080
04876	0.467333
04876	0.537025
04876	0.301253
04839	0.350901
04839	0.363953
04839	0.401824
04839	0.321289
04839	0.311738
04839	0.374836
04839	0.305353
04839	0.285520
04839	0.360293
04681	0.269260
04681	0.223422
04681	0.230882
04681	0.228646
04681	0.176904
04681	0.275229
04681	0.228806
04681	0.238576
04681	0.255151
04681	0.205133
04681	0.277575
04681	0.247159
04681	0.234677
04681	0.247565
04681	0.201249
04365	0.190040
04365	0.300830
04365	0.166701
04365	0.141597
04365	0.142146
04365	0.187581
04365	0.337140
04365	0.194721
04365	0.147430
04365	0.168258
04365	0.201893
04365	0.289261
04365	0.161093
04365	0.159305
04365	0.146122
04850	0.282182
04850	0.257160
04850	0.189979
04850	0.201939
04850	0.263425
04850	0.303606
04850	0.320167
04850	0.216976
04850	0.269690
04850	0.329135
04850	0.293719
04850	0.255076
04850	0.162504
04850	0.231730
04850	0.285176
04217	0.199870
04217	0.335680
04217	0.789393
04217	0.369787
04217	0.275258
04217	0.185151
04217	0.388810
04217	0.874740
04217	0.458425
04217	0.267737
04217	0.298347
04217	0.351950
04217	0.799395
04217	0.409353
04217	0.346308
04651	0.400635
04651	0.326638
04651	0.286261
04651	0.525529
04651	0.423791
04651	0.514640
04651	0.435382
04651	0.304757
04651	0.387038
04743	0.370865
04743	0.432975
04743	0.489432
04743	0.415819
04743	0.480738
04743	0.528779
04743	0.381165
04743	0.448552
04743	0.527971
04433	0.336709
04433	0.396444
04433	0.279590
04433	0.393916
04433	0.360812
04433	0.283556
04433	0.400204
04433	0.429746
04433	0.292972
04366	0.113056
04366	0.081977
04366	0.070993
04915	0.190740
04915	0.173157
04915	0.333012
04915	0.295138
04915	0.204259
04915	0.235260
04915	0.326176
04915	0.309838
04915	0.244450
04915	0.233370
04915	0.389438
04915	0.309517
04915	0.242389
04915	0.238762
04915	0.312629
04915	0.280292
04374	0.441635
04374	0.440196
04374	0.459507
04374	0.591963
04374	0.512808
04374	0.496938
04374	0.370364
04374	0.457205
04374	0.544475
04374	0.454659
04374	0.416874
04374	0.463136
04374	0.441895
04374	0.655238
04374	0.563910
04843	0.329073
04843	0.286434
04843	0.497520
04843	0.248362
04843	0.288021
04843	0.318300
04843	0.296466
04843	0.486389
04843	0.246553
04843	0.260153
04843	0.419526
04843	0.337474
04843	0.552158
04843	0.293121
04843	0.329413
04871	0.290879
04871	0.224031
04871	0.679782
04871	0.281319
04871	0.265831
04871	0.275360
04871	0.200329
04871	0.666997
04871	0.265805
04871	0.249281
04871	0.310767
04871	0.233098
04871	0.699172
04871	0.276907
04871	0.250861
04916	0.196920
04916	0.303301
04916	0.468194
04916	0.637208
04916	0.458958
04916	0.221053
04916	0.313347
04916	0.457632
04916	0.649582
04916	0.458269
04916	0.273933
04916	0.358266
04916	0.517952
04916	0.713136
04916	0.466205
04916	0.272031
04916	0.375149
04916	0.488143
04916	0.646760
04916	0.466360
04523	0.138809
04523	0.336552
04523	0.323111
04523	0.115450
04523	0.297556
04523	0.267953
04523	0.113864
04523	0.312731
04523	0.282290
04931	0.089576
04931	0.083529
04931	0.316078
04931	0.086670
04931	0.073946
04931	0.360531
04513	0.499406
04513	0.491149
04513	0.448833
04513	0.532512
04513	0.398086
04513	0.540198
04513	0.526141
04513	0.499561
04513	0.554836
04513	0.458780
04513	0.532981
04513	0.519177
04513	0.472112
04513	0.569425
04513	0.421851
04662	0.394253
04662	0.292796
04662	0.426858
04662	0.632750
04662	0.650285
04662	0.353738
04662	0.338358
04662	0.345583
04662	0.683299
04662	0.673110
04662	0.393781
04662	0.323987
04662	0.388394
04662	0.631268
04662	0.653881
04684	0.357615
04684	0.405780
04684	0.287098
04684	0.377044
04684	0.514574
04684	0.277516
04684	0.344464
04684	0.254218
04684	0.275209
04684	0.424427
04684	0.323518
04684	0.409057
04684	0.273534
04684	0.342481
04684	0.507953
04609	0.171847
04609	0.173057
04609	0.154843
04609	0.187877
04609	0.199505
04609	0.216904
04609	0.189586
04609	0.258970
04609	0.232322
04609	0.179498
04609	0.221798
04609	0.252172
04760	0.351242
04760	0.311826
04760	0.294225
04760	0.357375
04760	0.369018
04760	0.413532
04760	0.375833
04760	0.343340
04760	0.414881
04760	0.422592
04760	0.467026
04760	0.389820
04760	0.371652
04760	0.437984
04760	0.457326
04848	0.431919
04848	0.391603
04848	0.554550
04848	0.504803
04848	0.426170
04848	0.414821
04848	0.387332
04848	0.571158
04848	0.510914
04848	0.409116
04848	0.451026
04848	0.383494
04848	0.566011
04848	0.515027
04848	0.446705
04593	0.262058
04593	0.199102
04593	0.259836
04593	0.233912
04593	0.277612
04593	0.202668
04593	0.144480
04593	0.217323
04593	0.165348
04593	0.229502
04593	0.197370
04593	0.140354
04593	0.216736
04593	0.181950
04593	0.218195
04829	0.267715
04829	0.206165
04829	0.231339
04829	0.268008
04829	0.272324
04829	0.199328
04829	0.231411
04829	0.224375
04829	0.337908
04829	0.293240
04829	0.291138
04829	0.276602
04463	0.290453
04463	0.256225
04463	0.437794
04463	0.456618
04463	0.186538
04463	0.411833
04463	0.398895
04463	0.409196
04463	0.605407
04463	0.336999
04463	0.495608
04463	0.488066
04463	0.430805
04463	0.568440
04463	0.368877
04488	0.182845
04488	0.170314
04488	0.159389
04488	0.209598
04488	0.217323
04488	0.188412
04488	0.173518
04488	0.171211
04488	0.193976
04316	0.238028
04316	0.253294
04316	0.291021
04316	0.430507
04316	0.374543
04316	0.167551
04316	0.168990
04316	0.222891
04316	0.312215
04316	0.251409
04316	0.208984
04316	0.165006
04316	0.242143
04316	0.366785
04316	0.294647
04714	0.194680
04714	0.146848
04714	0.152829
04714	0.177845
04714	0.204658
04714	0.209528
04714	0.140545
04714	0.147460
04714	0.157963
04714	0.222444
04714	0.235247
04714	0.172161
04714	0.188019
04714	0.161084
04714	0.235382
04817	0.139548
04817	0.129516
04817	0.314170
04408	0.219904
04408	0.242627
04408	0.177169
04408	0.196123
04408	0.228831
04408	0.352195
04408	0.394126
04408	0.251539
04408	0.173898
04408	0.264147
04408	0.297690
04408	0.330704
04408	0.247000
04408	0.220591
04408	0.271771
04796	0.308892
04796	0.306182
04796	0.300092
04796	0.375552
04796	0.289896
04796	0.439444
04796	0.434788
04796	0.410643
04796	0.466092
04796	0.449745
04796	0.309318
04796	0.374902
04796	0.368261
04796	0.410753
04796	0.333106
04718	0.473194
04718	0.456860
04718	0.531951
04718	0.415927
04718	0.575902
04718	0.442482
04718	0.444312
04718	0.559084
04718	0.450844
04718	0.514461
04718	0.499667
04718	0.447273
04718	0.564651
04718	0.417563
04718	0.541726
04456	0.349711
04456	0.544102
04456	0.390396
04456	0.448149
04456	0.517716
04456	0.380754
04456	0.506917
04456	0.362732
04456	0.391002
04456	0.516520
04456	0.359510
04456	0.572508
04456	0.447108
04456	0.471930
04456	0.537384
04598	0.539617
04598	0.536211
04598	0.416966
04598	0.514005
04598	0.353455
04598	0.624346
04598	0.670029
04598	0.513878
04598	0.573629
04598	0.453651
04598	0.562717
04598	0.575248
04598	0.478140
04598	0.512119
04598	0.383649
04419	0.579731
04419	0.667882
04419	0.544260
04419	0.728018
04419	0.451214
04419	0.520850
04419	0.556454
04419	0.490036
04419	0.720688
04419	0.332306
04419	0.514584
04419	0.574007
04419	0.544972
04419	0.695278
04419	0.350073
04477	0.356794
04477	0.514148
04477	0.432701
04477	0.371413
04477	0.651805
04477	0.564254
04477	0.377458
04477	0.550566
04477	0.387043
04596	0.148029
04596	0.192697
04596	0.292279
04596	0.245245
04596	0.167181
04596	0.192122
04596	0.257945
04596	0.412087
04596	0.273789
04596	0.147824
04596	0.154769
04596	0.204959
04596	0.401653
04596	0.313705
04596	0.128747
04693	0.358925
04693	0.322771
04693	0.297817
04693	0.315544
04693	0.429499
04693	0.362538
04693	0.357467
04693	0.387278
04693	0.557818
04693	0.480601
04693	0.402185
04693	0.419323
04901	0.635890
04901	0.394120
04901	0.487087
04901	0.433859
04901	0.443029
04901	0.668534
04901	0.329549
04901	0.388875
04901	0.439691
04901	0.385991
04901	0.730110
04901	0.367785
04901	0.379475
04901	0.388981
04901	0.335215
04647	0.299971
04647	0.271584
04647	0.406762
04647	0.416682
04647	0.371633
04647	0.353294
04647	0.445694
04647	0.427324
04647	0.435424
04647	0.392094
04647	0.516836
04647	0.510576
04213	0.422593
04213	0.488771
04213	0.457999
04213	0.335199
04213	0.305704
04213	0.247668
04213	0.518094
04213	0.493837
04213	0.359501
04233	0.401709
04233	0.499421
04233	0.497321
04233	0.351492
04233	0.298619
04233	0.444423
04233	0.475547
04233	0.483307
04233	0.377943
04233	0.354616
04233	0.366092
04233	0.415600
04233	0.413210
04233	0.281198
04233	0.252873
04519	0.231359
04519	0.290067
04519	0.349344
04519	0.481211
04519	0.265289
04519	0.286353
04519	0.397647
04519	0.474089
04519	0.281835
04519	0.310391
04519	0.364404
04519	0.403043
04924	0.254177
04924	0.250211
04924	0.264801
04924	0.169449
04924	0.191240
04924	0.239286
04924	0.292925
04924	0.296817
04924	0.281315
04924	0.362429
04924	0.337771
04924	0.328891
04794	0.391390
04794	1.008577
04794	0.920646
04794	0.542073
04794	0.429218
04794	0.973584
04794	0.890727
04794	0.486743
04794	0.393128
04794	0.950196
04794	0.875583
04794	0.453285
04767	0.429970
04767	0.625033
04767	0.290811
04767	0.315529
04767	0.222235
04767	0.412287
04767	0.586120
04767	0.267521
04767	0.338924
04767	0.228695
04767	0.407071
04767	0.588068
04767	0.296690
04767	0.325983
04767	0.216267
04301	0.245774
04301	0.232134
04301	0.272251
04301	0.288319
04301	0.231688
04301	0.260788
04301	0.267149
04301	0.245575
04301	0.249692
04301	0.248157
04301	0.305519
04301	0.306561
04612	0.433218
04612	0.421410
04612	0.410453
04695	0.383272
04695	0.465528
04695	0.415867
04695	0.399472
04695	0.395696
04695	0.469232
04695	0.580922
04695	0.515862
04695	0.513364
04695	0.496781
04905	0.516598
04905	0.369671
04905	0.368882
04905	0.537975
04905	0.507758
04905	0.413401
04905	0.342676
04905	0.291880
04905	0.485564
04905	0.403389
04905	0.470944
04905	0.322423
04905	0.343000
04905	0.528898
04905	0.441763
04709	0.311552
04709	0.345948
04709	0.103399
04709	0.147121
04709	0.117747
04709	0.287102
04709	0.321014
04709	0.132447
04709	0.121293
04709	0.135073
04709	0.215022
04709	0.264017
04709	0.086033
04709	0.096879
04709	0.086565
04479	0.444179
04479	0.395922
04479	0.257709
04479	0.358742
04479	0.382819
04479	0.453544
04479	0.391147
04479	0.316833
04479	0.408086
04479	0.408731
04479	0.556910
04479	0.510008
04479	0.355184
04479	0.438094
04479	0.452721
04733	0.384742
04733	0.382561
04733	0.403404
04733	0.333777
04733	0.281331
04733	0.286574
04733	0.444875
04733	0.396091
04733	0.434644
04711	0.158865
04711	0.560343
04711	0.387607
04711	0.191294
04711	0.665690
04711	0.145399
04711	0.616034
04711	0.412601
04711	0.197728
04711	0.673537
04711	0.141887
04711	0.573394
04711	0.377828
04711	0.187613
04711	0.660320
04572	0.106874
04572	0.258741
04572	0.250369
04572	0.249794
04572	0.263207
04667	0.293388
04667	0.242865
04667	0.292026
04667	0.262752
04667	0.309249
04667	0.256583
04667	0.223238
04667	0.241524
04667	0.278249
04667	0.279708
04667	0.250660
04667	0.208589
04667	0.221270
04667	0.224160
04667	0.256633
04855	0.225221
04855	0.298377
04855	0.251737
04855	0.268301
04855	0.245434
04855	0.258449
04855	0.339430
04855	0.304890
04855	0.255811
04855	0.351167
04855	0.231337
04855	0.310279
04855	0.287326
04855	0.274233
04855	0.343680
04735	0.381566
04735	0.239551
04735	0.341075
04735	0.326300
04735	0.446077
04735	0.372937
04735	0.295578
04735	0.381622
04735	0.367063
04735	0.479104
04735	0.353823
04735	0.242090
04735	0.338369
04735	0.309738
04735	0.407465
04331	0.221908
04331	0.140175
04331	0.319499
04331	0.319639
04331	0.196093
04331	0.408678
04331	0.361426
04331	0.230650
04331	0.439329
04652	0.636141
04652	0.413827
04652	0.422596
04652	0.481282
04652	0.567622
04652	0.697836
04652	0.484851
04652	0.481819
04652	0.500747
04652	0.614334
04652	0.658543
04652	0.445939
04652	0.464155
04652	0.524742
04652	0.600683
04880	0.285244
04880	0.293368
04880	0.812317
04880	0.792433
04880	0.261848
04880	0.301418
04880	0.844486
04880	0.821503
04506	0.805690
04506	0.623837
04506	0.777536
04506	0.536494
04506	0.939956
04506	0.663105
04506	0.554383
04506	0.605523
04506	0.415883
04506	0.832519
04506	0.659279
04506	0.576340
04506	0.618321
04506	0.444681
04506	0.873383
04792	0.597579
04792	0.435585
04792	0.598684
04792	0.496831
04792	0.737597
04792	0.488465
04792	0.353365
04792	0.539563
04792	0.470091
04792	0.723848
04792	0.483637
04792	0.340299
04792	0.480546
04792	0.394165
04792	0.632238
04578	0.249703
04578	0.104601
04578	0.208986
04578	0.147796
04578	0.314153
04578	0.148232
04578	0.208107
04578	0.146653
04578	0.288378
04578	0.116441
04578	0.190504
04578	0.115084
04225	0.424020
04225	0.259307
04225	0.202458
04225	0.404803
04225	0.276865
04225	0.253652
04225	0.363944
04225	0.290059
04225	0.221987
04575	0.134853
04575	0.129253
04575	0.154483
04575	0.110427
04575	0.127912
04575	0.161327
04575	0.110717
04575	0.112407
04575	0.119320
04827	0.323750
04827	0.486270
04827	0.399847
04827	0.715135
04827	0.427053
04827	0.317985
04827	0.412775
04827	0.341242
04827	0.695260
04827	0.413521
04827	0.325769
04827	0.434976
04827	0.393741
04827	0.688132
04827	0.381012
04900	0.222049
04900	0.387644
04900	0.257684
04900	0.236371
04900	0.325119
04900	0.320420
04900	0.523357
04900	0.329955
04900	0.304006
04900	0.412917
04900	0.268926
04900	0.465874
04900	0.292896
04900	0.267571
04900	0.382566
04742	0.416754
04742	0.610770
04742	0.579004
04742	0.569721
04742	0.404568
04742	0.349050
04742	0.498698
04742	0.481019
04742	0.461394
04742	0.368204
04742	0.545045
04742	0.702837
04742	0.596712
04742	0.628129
04742	0.515063
04540	0.213534
04540	0.169799
04540	0.179127
04540	0.134259
04540	0.179936
04540	0.209098
04540	0.164179
04540	0.175309
04540	0.127337
04540	0.145346
04540	0.180391
04540	0.172104
04540	0.157071
04540	0.101867
04540	0.164417
04757	0.283381
04757	0.349238
04757	0.226356
04757	0.242382
04757	0.262482
04757	0.186830
04757	0.258088
04757	0.293203
04757	0.167371
04728	0.419214
04728	0.404555
04728	0.377123
04728	0.233437
04728	0.376212
04728	0.354754
04728	0.441210
04728	0.272626
04728	0.386152
04728	0.312503
04728	0.436211
04728	0.324555
04863	0.200044
04863	0.234411
04863	0.162464
04863	0.174396
04863	0.147319
04863	0.358814
04863	0.342105
04863	0.244550
04863	0.230965
04863	0.143523
04863	0.419175
04863	0.396432
04863	0.292379
04863	0.271088
04863	0.187224
04516	0.171083
04516	0.205732
04516	0.230859
04516	0.331164
04516	0.445065
04516	0.204881
04516	0.162102
04516	0.216554
04516	0.244348
04516	0.511231
04516	0.207986
04516	0.180786
04516	0.245544
04516	0.337211
04516	0.569595
04560	0.208866
04560	0.180133
04560	0.241515
04560	0.164013
04560	0.312632
04560	0.320957
04560	0.351713
04560	0.396006
04560	0.304725
04560	0.408333
04560	0.264184
04560	0.226910
04560	0.297977
04560	0.201419
04560	0.451315
04239	0.287686
04239	0.384122
04239	0.554501
04239	0.279372
04239	0.366318
04239	0.494782
04239	0.316053
04239	0.463449
04239	0.479450
04447	0.438174
04447	0.474194
04447	0.486971
04447	0.540471
04447	0.424302
04447	0.489566
04447	0.441871
04447	0.652014
04447	0.616364
04447	0.530648
04447	0.400660
04447	0.377581
04447	0.393652
04447	0.477327
04447	0.402200
04748	0.478328
04748	0.478492
04748	0.404494
04748	0.467566
04748	0.470620
04748	0.458589
04748	0.452940
04748	0.360763
04748	0.405780
04748	0.422079
04748	0.457200
04748	0.444782
04748	0.332919
04748	0.416506
04748	0.406099
04802	0.254034
04802	0.367306
04802	0.428599
04802	0.223210
04802	0.401869
04802	0.465585
04802	0.199333
04802	0.414388
04802	0.484583
04776	0.525001
04776	0.461935
04776	0.336876
04776	0.462595
04776	0.442646
04776	0.322022
04776	0.518394
04776	0.463847
04776	0.363300
04736	0.309395
04736	0.401256
04736	0.476848
04736	0.621582
04736	0.288439
04736	0.360679
04736	0.484195
04736	0.635217
04736	0.331825
04736	0.379126
04736	0.466690
04736	0.674892
04274	0.247463
04274	0.367555
04274	0.362977
04274	0.378534
04274	0.479932
04274	0.237729
04274	0.367045
04274	0.352870
04274	0.324864
04274	0.441245
04274	0.323477
04274	0.376357
04274	0.357529
04274	0.358742
04274	0.463336
04509	0.248448
04509	0.187064
04509	0.200907
04509	0.210175
04509	0.269512
04509	0.262824
04509	0.304884
04509	0.327702
04509	0.281294
04509	0.238062
04509	0.241989
04509	0.234456
04823	0.298040
04823	0.288496
04823	0.345469
04823	0.341639
04823	0.447465
04823	0.401346
04823	0.301023
04823	0.408561
04823	0.415349
04823	0.477225
04823	0.377103
04823	0.297372
04823	0.363282
04823	0.364628
04823	0.418499
04349	0.234137
04349	0.286446
04349	0.294798
04349	0.318872
04349	0.251917
04349	0.220527
04349	0.195352
04349	0.261080
04349	0.222099
04349	0.198615
04349	0.199097
04349	0.196530
04349	0.238341
04349	0.245526
04349	0.170128
04406	0.284858
04406	0.297742
04406	0.246536
04406	0.304299
04406	0.295160
04406	0.265686
04406	0.307662
04406	0.303518
04406	0.231054
04385	0.419523
04385	0.268118
04385	0.534600
04385	0.416344
04385	0.396589
04385	0.404122
04385	0.241015
04385	0.514776
04385	0.473482
04385	0.342687
04795	0.453464
04795	0.406893
04795	0.312137
04675	0.439977
04675	0.590542
04675	0.428163
04675	0.363638
04675	0.345508
04675	0.399746
04675	0.521810
04675	0.373914
04675	0.238706
04675	0.342316
04675	0.439447
04675	0.556466
04675	0.414030
04675	0.251863
04675	0.285218
04626	0.131093
04626	0.168856
04626	0.158651
04626	0.139376
04626	0.171596
04626	0.200199
04626	0.212793
04626	0.243800
04626	0.213822
04626	0.211311
04626	0.147040
04626	0.166500
04626	0.157566
04626	0.136886
04626	0.176970
04351	0.281552
04351	0.352422
04351	0.282609
04351	0.250541
04351	0.318278
04351	0.358646
04351	0.280623
04351	0.316290
04351	0.345331
04351	0.397815
04351	0.333350
04351	0.270985
04512	0.491481
04512	0.388810
04512	0.289540
04512	0.467253
04512	0.544100
04512	0.558401
04512	0.504949
04512	0.410138
04512	0.423169
04512	0.526419
04512	0.520167
04512	0.451134
04512	0.345677
04512	0.464777
04512	0.554225
04806	0.534756
04806	0.508218
04806	0.585421
04806	0.573095
04806	0.665320
04806	0.458804
04806	0.420656
04806	0.511884
04806	0.496867
04806	0.589468
04806	0.501378
04806	0.468858
04806	0.593459
04806	0.565302
04806	0.619783
04588	0.299440
04588	0.236271
04588	0.326263
04588	0.262479
04588	0.306898
04588	0.269079
04588	0.192426
04588	0.313603
04588	0.259579
04588	0.266365
04588	0.319942
04588	0.258760
04588	0.357691
04588	0.299169
04588	0.332347
04842	0.239145
04842	0.351999
04842	0.473251
04842	0.149990
04842	0.281184
04842	0.281327
04842	0.380762
04842	0.501274
04842	0.193324
04842	0.302709
04842	0.243995
04842	0.359151
04842	0.453394
04842	0.162581
04842	0.241123
04756	0.372970
04756	0.451071
04756	0.422998
04756	0.236314
04756	0.293636
04803	0.505459
04803	0.460041
04803	0.193525
04803	0.523319
04803	0.509968
04803	0.181018
04803	0.396531
04803	0.297147
04803	0.127420
04496	0.775816
04496	0.235605
04496	0.298513
04496	0.375469
04496	0.446782
04496	0.756667
04496	0.180444
04496	0.228715
04496	0.321903
04496	0.452558
04496	0.743962
04496	0.188721
04496	0.270304
04496	0.277911
04496	0.437793
04581	0.089555
04581	0.144117
04581	0.121758
04581	0.230705
04581	0.151033
04581	0.215539
04581	0.158122
04581	0.266896
04581	0.134659
04581	0.183276
04581	0.157643
04581	0.231233
04682	0.468433
04682	0.443721
04682	0.865493
04682	0.382259
04682	0.531409
04682	0.478465
04682	0.430554
04682	0.800573
04682	0.385081
04682	0.502294
04682	0.631821
04682	0.494387
04682	0.800922
04682	0.377503
04682	0.599973
04696	0.243750
04696	0.334241
04696	0.219591
04696	0.313468
04696	0.481152
04696	0.213211
04696	0.235028
04696	0.207579
04696	0.206621
04696	0.365348
04696	0.215276
04696	0.312906
04696	0.228968
04696	0.322132
04696	0.502069
04338	0.428911
04338	0.219221
04338	0.271703
04338	0.328310
04338	0.364716
04627	0.310597
04627	0.341096
04627	0.520368
04627	0.365745
04297	0.480280
04297	0.387261
04297	0.439691
04297	0.629142
04297	0.531237
04297	0.533236
04297	0.490217
04297	0.569389
04297	0.716476
04297	0.585413
04297	0.555425
04297	0.476522
04297	0.578111
04297	0.725856
04297	0.613843
04461	0.335925
04461	0.321795
04461	0.335701
04461	0.314849
04461	0.279051
04461	0.382479
04461	0.335371
04461	0.336376
04461	0.338435
04461	0.302566
04461	0.362155
04461	0.336158
04461	0.317202
04461	0.332118
04461	0.285294
04211	0.367582
04211	0.497236
04211	0.481482
04211	0.382728
04211	0.482064
04211	0.493437
04211	0.413876
04211	0.503475
04211	0.470534
04313	0.273289
04313	0.479051
04313	0.270848
04313	0.287494
04313	0.472055
04313	0.279019
04313	0.242346
04313	0.442916
04313	0.235965
04724	0.320484
04724	0.360737
04724	0.398655
04724	0.402414
04724	0.401122
04724	0.355397
04724	0.316995
04724	0.392334
04724	0.372768
04724	0.402754
04724	0.395130
04724	0.386279
04724	0.471283
04724	0.486150
04724	0.466514
04305	0.125352
04305	0.082602
04305	0.102573
04305	0.176982
04305	0.085059
04305	0.099676
04305	0.075205
04305	0.146727
04305	0.223937
04305	0.060276
04305	0.085234
04305	0.081278
04305	0.107027
04305	0.190339
04305	0.082190
04703	0.353807
04703	0.485871
04703	0.225055
04703	0.327666
04703	0.294517
04703	0.414581
04703	0.182107
04703	0.265187
04703	0.298209
04703	0.411662
04703	0.184498
04703	0.297083
04865	0.339113
04865	0.918736
04865	0.185299
04865	0.240526
04865	0.261543
04865	0.363650
04865	0.759566
04865	0.296469
04865	0.296593
04865	0.316810
04865	0.449715
04865	0.782437
04865	0.328450
04865	0.352870
04865	0.320040
