04705	0.699354
04705	0.580092
04705	0.481565
04705	0.646564
04705	0.756913
04705	0.578740
04705	0.542626
04705	0.703272
04705	0.749009
04705	0.644393
04705	0.454121
04705	0.675904
04696	0.539925
04696	0.567311
04696	0.467515
04696	0.435822
04696	0.524515
04696	0.502026
04696	0.500171
04696	0.456855
04696	0.369732
04696	0.580466
04696	0.485259
04696	0.462206
04696	0.487553
04696	0.444498
04696	0.552677
04507	0.766630
04507	0.546566
04507	0.561888
04507	0.661023
04507	0.506887
04507	0.509611
04507	0.587363
04507	0.610974
04507	0.572766
04850	0.554371
04850	0.613700
04850	0.409055
04850	0.361149
04850	0.464341
04850	0.592871
04850	0.637486
04850	0.505453
04850	0.438239
04850	0.547711
04850	0.562803
04850	0.568556
04850	0.523199
04850	0.457258
04850	0.520016
04796	0.522618
04796	0.527432
04796	0.484866
04796	0.546939
04796	0.519298
04796	0.584169
04796	0.694532
04796	0.655952
04796	0.654914
04796	0.684680
04796	0.534395
04796	0.672615
04796	0.649389
04796	0.637242
04796	0.668442
04789	0.140580
04789	0.354460
04789	0.451049
04789	0.216721
04789	0.446320
04789	0.505425
04789	0.258160
04789	0.493263
04789	0.538309
04213	0.589752
04213	0.720503
04213	0.611174
04213	0.576808
04213	0.541578
04213	0.547135
04213	0.553448
04213	0.606770
04213	0.521764
04217	0.447791
04217	0.417415
04217	0.365153
04217	0.589280
04217	0.473983
04217	0.429241
04217	0.320961
04217	0.232702
04217	0.499110
04217	0.381048
04217	0.408865
04217	0.328565
04217	0.266073
04217	0.518489
04217	0.410027
04312	0.560388
04312	0.446721
04312	0.483683
04312	0.641624
04312	0.449616
04312	0.577667
04312	0.544955
04312	0.328635
04312	0.473226
04736	0.454230
04736	0.502888
04736	0.532739
04736	0.581356
04736	0.507461
04736	0.508864
04736	0.613145
04736	0.638087
04736	0.473703
04736	0.451716
04736	0.580847
04736	0.655747
04921	0.655886
04921	0.698951
04921	0.847354
04921	0.778722
04921	0.725236
04921	0.778932
04921	0.848906
04921	0.796237
04921	0.691478
04921	0.755765
04921	0.849026
04921	0.739258
04921	0.774806
04921	0.813952
04921	0.814323
04921	0.784033
04647	0.180766
04647	0.337680
04647	0.397150
04647	0.392932
04647	0.338513
04647	0.405294
04647	0.432156
04647	0.390735
04647	0.373154
04647	0.460472
04647	0.506541
04647	0.504479
04905	0.611818
04905	0.567799
04905	0.638433
04905	0.679764
04905	0.534629
04905	0.674468
04905	0.588922
04905	0.646737
04905	0.651661
04905	0.563475
04905	0.647755
04905	0.536955
04905	0.591229
04905	0.595810
04905	0.452459
04749	0.798181
04749	0.613016
04749	0.716455
04749	0.564120
04749	0.480455
04749	0.777609
04749	0.564964
04749	0.687126
04749	0.560224
04749	0.484910
04749	0.755791
04749	0.551361
04749	0.651718
04749	0.543102
04749	0.444378
04473	0.770086
04473	0.628385
04473	0.649647
04473	0.687149
04473	0.649877
04473	0.703579
04473	0.582231
04473	0.571714
04473	0.607912
04473	0.506153
04473	0.721313
04473	0.675521
04473	0.596652
04473	0.631069
04473	0.512459
04374	0.707459
04374	0.693934
04374	0.656292
04374	0.732808
04374	0.650380
04374	0.777725
04374	0.718619
04374	0.706844
04374	0.755887
04374	0.703974
04374	0.757364
04374	0.741844
04374	0.716601
04374	0.783411
04374	0.721631
04542	0.653275
04542	0.629916
04542	0.690208
04542	0.696385
04542	0.674147
04542	0.675938
04542	0.599808
04542	0.712899
04542	0.658678
04542	0.723677
04542	0.693171
04542	0.599184
04542	0.789213
04542	0.637567
04542	0.676675
04447	0.681488
04447	0.537424
04447	0.608728
04447	0.690380
04447	0.642902
04447	0.746078
04447	0.508332
04447	0.664738
04447	0.728818
04447	0.717921
04447	0.756770
04447	0.612844
04447	0.658778
04447	0.738337
04447	0.717567
04714	0.379955
04714	0.364848
04714	0.331077
04714	0.377013
04714	0.420550
04714	0.386560
04714	0.473114
04714	0.395570
04714	0.475957
04714	0.471102
04714	0.425224
04714	0.420945
04714	0.415847
04714	0.412633
04714	0.453958
04225	0.551155
04225	0.474452
04225	0.379902
04225	0.536967
04225	0.487403
04225	0.333558
04225	0.459365
04225	0.445338
04225	0.357823
04446	0.569009
04446	0.537164
04446	0.539755
04446	0.463161
04446	0.494918
04446	0.651090
04446	0.622345
04446	0.614846
04446	0.576808
04446	0.552927
04446	0.706157
04446	0.595652
04446	0.545822
04446	0.566024
04446	0.470536
04488	0.270537
04488	0.294383
04488	0.412611
04488	0.385709
04488	0.399432
04488	0.376448
04488	0.249208
04488	0.265967
04488	0.399366
04530	0.623270
04530	0.684104
04530	0.667041
04530	0.570932
04530	0.441555
04530	0.628161
04530	0.701361
04530	0.680176
04530	0.543792
04530	0.416328
04530	0.596797
04530	0.664725
04530	0.643626
04530	0.503174
04530	0.458788
04222	0.485551
04222	0.727789
04222	0.617528
04222	0.751870
04222	0.696098
04222	0.476003
04222	0.694698
04222	0.582201
04222	0.766136
04222	0.660576
04222	0.570345
04222	0.736797
04222	0.681671
04222	0.816710
04222	0.742989
04827	0.512900
04827	0.610016
04827	0.486048
04827	0.530204
04827	0.709049
04827	0.510472
04827	0.620791
04827	0.445905
04827	0.491886
04827	0.637223
04827	0.518407
04827	0.542114
04827	0.425226
04827	0.515934
04827	0.612799
04727	0.552427
04727	0.644109
04727	0.578753
04727	0.419567
04727	0.545175
04727	0.544999
04727	0.546240
04727	0.495165
04727	0.436197
04727	0.540573
04727	0.564338
04727	0.608753
04727	0.579686
04727	0.562359
04727	0.565238
04840	0.479671
04840	0.460648
04840	0.506628
04840	0.476469
04840	0.454582
04840	0.347313
04840	0.563524
04840	0.557219
04840	0.472999
04376	0.629191
04376	0.413148
04376	0.437552
04376	0.567087
04376	0.565224
04376	0.591322
04376	0.394392
04376	0.475916
04376	0.480790
04376	0.487050
04376	0.678868
04376	0.497376
04376	0.508504
04376	0.648692
04376	0.644024
04898	0.490438
04898	0.573839
04898	0.323931
04898	0.430527
04898	0.703656
04898	0.663552
04898	0.624815
04898	0.589180
04898	0.672180
04898	0.658350
04898	0.597550
04898	0.595574
04471	0.517803
04471	0.538503
04471	0.531927
04471	0.524131
04471	0.489790
04471	0.595666
04471	0.598974
04471	0.582959
04471	0.639229
04471	0.533626
04471	0.487880
04471	0.496391
04471	0.523639
04471	0.497214
04471	0.470779
04878	0.360701
04878	0.593113
04878	0.470227
04878	0.342057
04878	0.677798
04878	0.537827
04878	0.632636
04878	0.551789
04878	0.484161
04878	0.670066
04878	0.449042
04878	0.595912
04878	0.559843
04878	0.459227
04878	0.681556
04282	0.131397
04282	0.297716
04282	0.133936
04282	0.215866
04282	0.284037
04282	0.160216
04397	0.672782
04397	0.712325
04397	0.567449
04397	0.619375
04397	0.445563
04397	0.667817
04397	0.703573
04397	0.518776
04397	0.515637
04397	0.506043
04397	0.696541
04397	0.718891
04397	0.566663
04397	0.591121
04397	0.454916
04733	0.423842
04733	0.461898
04733	0.501402
04733	0.439883
04733	0.450712
04733	0.510972
04733	0.552224
04733	0.531554
04733	0.576120
04504	0.563762
04504	0.557418
04504	0.430092
04394	0.942713
04394	0.642268
04394	0.509878
04394	0.928619
04394	0.575441
04394	0.475956
04394	0.943144
04394	0.578817
04394	0.475871
04265	0.647816
04265	0.677976
04265	0.485925
04265	0.602833
04265	0.687548
04265	0.720564
04265	0.439055
04265	0.508783
04265	0.618258
04265	0.639367
04265	0.511135
04265	0.602228
04731	0.699967
04731	0.644828
04731	0.464606
04731	0.674863
04731	0.623642
04731	0.681749
04731	0.554013
04731	0.381180
04731	0.568935
04731	0.602960
04731	0.667811
04731	0.621688
04731	0.511230
04731	0.610702
04731	0.538831
04748	0.568406
04748	0.472982
04748	0.511563
04748	0.674953
04748	0.439125
04748	0.552193
04748	0.508705
04748	0.496992
04748	0.651711
04748	0.415278
04748	0.531241
04748	0.478479
04748	0.511159
04748	0.679293
04748	0.441849
04914	0.607584
04914	0.528579
04914	0.593118
04914	0.640167
04914	0.668716
04914	0.579006
04914	0.531660
04914	0.594183
04914	0.643099
04914	0.674152
04914	0.596114
04914	0.520903
04914	0.562662
04914	0.643353
04914	0.669215
04914	0.578405
04914	0.481522
04914	0.561817
04914	0.621358
04914	0.668185
04212	0.739776
04212	0.787414
04212	0.803652
04212	0.781427
04212	0.765490
04212	0.819481
04212	0.755523
04212	0.727840
04212	0.696739
04212	0.740393
04212	0.753464
04212	0.745593
04365	0.701316
04365	0.530675
04365	0.520094
04365	0.467644
04365	0.448117
04365	0.727481
04365	0.607312
04365	0.611907
04365	0.542349
04365	0.478630
04365	0.709178
04365	0.534950
04365	0.524591
04365	0.447227
04365	0.425585
04889	0.579940
04889	0.569056
04889	0.478700
04889	0.539569
04889	0.581125
04889	0.433406
04889	0.530530
04889	0.547941
04889	0.431980
04871	0.499826
04871	0.446589
04871	0.515733
04871	0.438052
04871	0.468402
04871	0.483110
04871	0.515964
04871	0.455038
04871	0.489046
04871	0.520924
04871	0.469961
04871	0.478726
04871	0.422496
04871	0.451900
04871	0.431220
04485	0.780832
04485	0.727593
04485	0.638046
04485	0.605573
04485	0.743127
04485	0.780731
04485	0.731773
04485	0.703494
04485	0.688040
04485	0.761054
04485	0.734707
04485	0.720505
04485	0.619415
04485	0.605358
04485	0.808044
04334	0.489186
04334	0.465043
04334	0.464940
04334	0.460157
04334	0.364379
04334	0.500305
04334	0.531625
04334	0.435784
04334	0.501809
04334	0.399363
04334	0.481800
04334	0.506579
04334	0.406153
04334	0.490627
04334	0.354545
04449	0.478375
04449	0.289847
04449	0.308604
04449	0.392625
04449	0.369565
04449	0.515182
04449	0.350205
04449	0.395603
04449	0.402780
04449	0.465491
04449	0.530383
04449	0.265291
04449	0.309431
04449	0.413712
04449	0.377793
04774	0.582169
04774	0.453576
04774	0.506155
04774	0.599223
04774	0.511109
04774	0.496262
04774	0.541953
04774	0.443989
04774	0.499840
04233	0.584125
04233	0.682622
04233	0.661875
04233	0.531462
04233	0.589527
04233	0.663206
04233	0.721581
04233	0.714897
04233	0.574897
04233	0.669684
04233	0.608151
04233	0.700276
04233	0.649842
04233	0.521486
04233	0.595369
04470	0.667128
04470	0.757300
04470	0.622472
04470	0.683202
04470	0.688265
04470	0.634981
04470	0.757300
04470	0.575278
04470	0.659411
04470	0.637352
04470	0.663665
04470	0.726689
04470	0.597449
04470	0.638065
04470	0.667407
04288	0.515231
04288	0.656995
04288	0.453116
04288	0.670404
04288	0.549276
04288	0.582473
04288	0.413211
04288	0.658664
04288	0.590238
04288	0.644116
04288	0.497903
04288	0.702475
04419	0.633141
04419	0.632658
04419	0.614068
04419	0.807284
04419	0.598616
04419	0.686960
04419	0.719833
04419	0.632590
04419	0.794570
04419	0.546886
04419	0.791548
04419	0.753722
04419	0.780770
04419	0.834145
04419	0.650043
04410	0.444103
04410	0.425118
04410	0.672044
04410	0.402467
04410	0.432931
04410	0.640145
04410	0.368585
04410	0.453339
04410	0.654193
04297	0.614020
04297	0.498888
04297	0.514442
04297	0.734867
04297	0.699487
04297	0.599007
04297	0.519330
04297	0.517090
04297	0.720700
04297	0.660649
04297	0.639951
04297	0.548274
04297	0.601303
04297	0.771970
04297	0.680443
04857	0.599390
04857	0.655354
04857	0.456937
04857	0.565329
04857	0.627059
04857	0.741135
04857	0.393878
04857	0.640400
04857	0.587567
04857	0.661109
04857	0.371842
04857	0.538934
04531	0.572946
04531	0.602233
04531	0.435884
04531	0.513911
04531	0.565181
04531	0.545928
04531	0.539455
04531	0.512169
04531	0.487188
04531	0.475445
04531	0.566910
04531	0.562405
04531	0.442420
04531	0.477672
04531	0.490954
04418	0.495031
04418	0.509618
04418	0.527711
04418	0.532737
04418	0.443229
04418	0.488178
04418	0.481432
04418	0.473503
04418	0.561258
04418	0.568795
04418	0.604818
04418	0.599183
04855	0.554248
04855	0.579870
04855	0.516091
04855	0.501899
04855	0.520775
04855	0.503797
04855	0.619631
04855	0.558463
04855	0.398866
04855	0.554429
04855	0.432428
04855	0.551473
04855	0.488402
04855	0.376229
04855	0.505236
04682	0.678704
04682	0.512710
04682	0.757583
04682	0.700842
04682	0.566602
04682	0.611709
04682	0.582940
04682	0.682489
04682	0.743487
04682	0.649287
04682	0.708175
04682	0.639537
04682	0.754415
04682	0.805189
04682	0.732542
04313	0.515010
04313	0.734376
04313	0.375694
04313	0.644289
04313	0.762193
04313	0.480970
04313	0.451724
04313	0.645146
04313	0.438948
04662	0.637444
04662	0.617446
04662	0.668349
04662	0.694540
04662	0.723709
04662	0.646807
04662	0.719250
04662	0.705574
04662	0.798625
04662	0.725978
04662	0.639398
04662	0.647620
04662	0.672401
04662	0.750142
04662	0.711041
04451	0.801243
04451	0.529983
04451	0.638745
04451	0.765270
04451	0.540274
04451	0.623098
04451	0.770212
04451	0.557726
04451	0.628518
04323	0.505725
04323	0.597108
04323	0.535956
04323	0.573374
04323	0.633073
04323	0.525682
04323	0.598317
04323	0.666980
04323	0.547394
04650	0.643558
04650	0.671914
04650	0.589124
04650	0.543705
04650	0.533772
04650	0.739097
04650	0.755568
04650	0.679716
04650	0.654480
04650	0.621223
04650	0.693352
04650	0.715092
04650	0.723939
04650	0.648542
04650	0.619250
04646	0.568386
04646	0.503200
04646	0.338036
04646	0.497083
04646	0.418301
04646	0.319946
04928	0.906976
04928	0.884075
04928	0.668540
04928	0.636715
04928	0.542580
04928	0.874916
04928	0.882003
04928	0.639079
04928	0.572075
04928	0.473246
04928	0.865062
04928	0.867060
04928	0.601187
04928	0.627060
04928	0.490444
04928	0.866515
04928	0.858188
04928	0.641150
04928	0.604968
04928	0.463627
04433	0.724486
04433	0.718735
04433	0.544565
04433	0.636523
04433	0.568890
04433	0.641961
04433	0.771326
04433	0.746848
04433	0.601918
04814	0.656268
04814	0.469014
04814	0.381673
04814	0.413304
04814	0.713043
04814	0.595783
04814	0.487032
04814	0.503951
04814	0.584721
04814	0.450709
04814	0.389908
04814	0.413004
04726	0.447111
04726	0.505424
04726	0.504064
04726	0.483164
04726	0.421472
04726	0.439730
04726	0.495295
04726	0.467021
04726	0.436037
04726	0.369046
04726	0.410120
04726	0.490840
04726	0.458990
04726	0.409893
04726	0.351807
04890	0.310456
04890	0.342838
04890	0.380619
04890	0.378005
04890	0.448019
04890	0.340365
04890	0.330886
04890	0.429849
04890	0.427953
04890	0.470324
04890	0.375280
04890	0.395737
04890	0.407187
04890	0.439805
04890	0.455017
04575	0.308165
04575	0.299021
04575	0.282036
04575	0.260792
04575	0.259482
04575	0.295405
04575	0.265924
04575	0.261117
04575	0.283014
04670	0.711670
04670	0.705373
04670	0.635124
04670	0.467177
04670	0.461497
04670	0.712377
04670	0.685812
04670	0.577162
04670	0.458853
04670	0.436985
04670	0.724289
04670	0.681612
04670	0.647441
04670	0.445133
04670	0.476650
04556	0.655788
04556	0.608783
04556	0.645686
04556	0.388666
04556	0.606488
04556	0.656779
04556	0.597303
04556	0.608774
04556	0.448973
04556	0.527554
04556	0.681571
04556	0.655715
04556	0.691628
04556	0.345369
04556	0.641565
04915	0.374372
04915	0.384554
04915	0.429227
04915	0.492384
04915	0.429297
04915	0.416072
04915	0.488452
04915	0.522163
04915	0.486342
04915	0.466886
04915	0.531903
04915	0.546726
04915	0.487936
04915	0.509116
04915	0.520739
04915	0.570469
04811	0.513438
04811	0.532271
04811	0.588218
04811	0.463755
04811	0.295173
04811	0.541561
04811	0.557375
04811	0.602433
04811	0.433592
04811	0.316321
04811	0.503733
04811	0.576033
04811	0.614322
04811	0.434945
04811	0.352812
04842	0.490686
04842	0.514353
04842	0.623542
04842	0.494465
04842	0.548586
04842	0.473508
04842	0.512233
04842	0.617489
04842	0.533710
04842	0.568220
04842	0.466802
04842	0.551007
04842	0.630213
04842	0.503516
04842	0.540073
04802	0.589328
04802	0.676817
04802	0.776565
04802	0.528359
04802	0.730064
04802	0.793046
04802	0.575104
04802	0.691252
04802	0.808724
04641	0.854279
04641	0.573168
04641	0.715281
04641	0.639988
04641	0.641295
04641	0.814287
04641	0.491815
04641	0.641397
04641	0.598855
04641	0.534652
04641	0.866161
04641	0.557354
04641	0.675590
04641	0.564565
04641	0.573939
04221	0.538479
04221	0.622450
04221	0.563138
04221	0.478038
04221	0.537046
04221	0.526884
04221	0.601801
04221	0.555574
04221	0.458722
04221	0.508466
04221	0.540382
04221	0.623342
04221	0.588920
04221	0.462900
04221	0.515055
04434	0.579956
04434	0.673315
04434	0.535390
04434	0.563278
04434	0.685136
04434	0.501048
04434	0.585911
04434	0.716619
04434	0.497915
04830	0.627865
04830	0.514939
04830	0.571624
04830	0.661405
04830	0.650437
04830	0.594179
04830	0.585882
04830	0.664922
04830	0.706588
04830	0.639423
04830	0.622628
04830	0.716184
04322	0.602493
04322	0.537103
04322	0.525483
04322	0.488372
04322	0.458798
04322	0.431936
04322	0.539367
04322	0.510480
04322	0.538401
04322	0.473399
04322	0.522372
04322	0.447824
04631	0.506586
04631	0.482336
04631	0.368575
04631	0.435099
04631	0.443207
04631	0.493503
04631	0.499080
04631	0.334166
04631	0.358325
04631	0.379064
04631	0.481045
04631	0.469684
04631	0.434270
04631	0.347234
04631	0.356461
04622	0.720889
04622	0.736172
04622	0.850403
04622	0.774481
04622	0.659412
04622	0.691611
04622	0.833664
04622	0.720920
04622	0.681326
04622	0.654890
04622	0.779991
04622	0.630573
04381	0.845891
04381	0.859697
04381	0.868575
04381	0.772953
04381	0.829158
04381	0.859823
04381	0.771913
04381	0.850113
04381	0.866324
04386	0.732616
04386	0.748196
04386	0.595319
04386	0.640492
04386	0.732159
04386	0.696198
04386	0.591393
04386	0.618280
04386	0.699973
04386	0.691972
04386	0.587479
04386	0.579670
04286	0.665147
04286	0.642950
04286	0.680722
04286	0.673196
04286	0.638245
04286	0.717452
04286	0.690581
04286	0.720158
04286	0.697099
04286	0.650911
04286	0.687460
04286	0.701135
04286	0.729251
04286	0.734997
04286	0.684197
04472	0.600022
04472	0.598046
04472	0.601480
04472	0.691377
04472	0.642127
04472	0.570388
04472	0.557897
04472	0.514424
04472	0.608468
04472	0.579762
04472	0.639238
04472	0.554632
04472	0.660338
04472	0.575290
04472	0.569735
04645	0.452961
04645	0.265836
04645	0.345714
04645	0.338439
04645	0.306823
04645	0.486287
04645	0.397148
04645	0.478624
04645	0.432411
04645	0.467900
04645	0.443847
04645	0.350548
04645	0.435104
04645	0.443602
04645	0.403321
04597	0.693461
04597	0.348212
04597	0.367923
04597	0.778060
04597	0.785489
04597	0.703032
04597	0.364659
04597	0.362005
04597	0.785370
04597	0.767162
04597	0.678825
04597	0.352775
04597	0.362753
04597	0.732760
04597	0.732763
04351	0.763939
04351	0.817273
04351	0.807720
04351	0.709968
04351	0.743772
04351	0.778149
04351	0.723259
04351	0.681553
04351	0.764879
04351	0.845201
04351	0.804076
04351	0.662553
04380	0.318285
04380	0.332521
04380	0.695437
04380	0.676372
04380	0.466525
04380	0.356628
04380	0.404355
04380	0.658181
04380	0.655872
04380	0.514864
04380	0.363286
04380	0.401555
04380	0.678473
04380	0.652687
04380	0.446932
04585	0.853502
04585	0.877499
04585	0.723529
04585	0.859980
04585	0.826336
04585	0.826484
04585	0.856067
04585	0.710818
04585	0.851264
04585	0.824142
04585	0.800985
04585	0.764974
04585	0.684195
04585	0.787672
04585	0.755225
04924	0.415402
04924	0.424451
04924	0.473829
04924	0.337836
04924	0.351173
04924	0.489695
04924	0.378689
04924	0.409032
04924	0.428078
04924	0.418419
04924	0.409472
04924	0.522926
04687	0.737605
04687	0.552216
04687	0.561074
04687	0.654861
04687	0.501143
04687	0.522096
04598	0.680361
04598	0.651993
04598	0.559561
04598	0.671830
04598	0.453824
04598	0.733415
04598	0.720188
04598	0.617668
04598	0.741811
04598	0.497881
04598	0.740337
04598	0.710512
04598	0.583965
04598	0.717379
04598	0.518810
04522	0.398979
04522	0.530153
04522	0.481092
04522	0.449346
04522	0.504592
04522	0.471970
04522	0.572572
04522	0.531345
04522	0.516471
04522	0.599986
04522	0.508754
04522	0.629979
04522	0.528219
04522	0.452896
04522	0.539058
04711	0.325870
04711	0.274284
04711	0.711292
04711	0.593238
04711	0.279099
04711	0.299293
04711	0.243755
04711	0.732371
04711	0.619979
04711	0.281267
04711	0.251969
04711	0.230815
04711	0.732346
04711	0.613545
04711	0.266239
04502	0.661101
04502	0.640599
04502	0.823004
04502	0.808986
04502	0.616223
04502	0.603497
04502	0.781864
04502	0.736479
04502	0.589010
04502	0.627628
04502	0.793759
04502	0.758505
04635	0.523178
04635	0.536146
04635	0.643023
04635	0.709581
04635	0.596846
04635	0.604894
04635	0.630192
04635	0.706562
04635	0.625387
04635	0.641507
04635	0.606222
04635	0.750191
04717	0.492297
04717	0.683544
04717	0.668144
04717	0.601385
04717	0.567235
04717	0.587953
04717	0.566302
04717	0.528894
04717	0.583786
04506	0.772000
04506	0.713885
04506	0.750031
04506	0.638890
04506	0.717278
04506	0.811730
04506	0.751529
04506	0.757253
04506	0.680538
04506	0.764997
04506	0.832534
04506	0.785710
04506	0.789266
04506	0.680266
04506	0.775675
04918	0.559841
04918	0.454064
04918	0.549150
04918	0.545833
04918	0.458352
04918	0.531183
04918	0.505459
04918	0.552800
04918	0.495487
04918	0.494693
04918	0.507967
04918	0.400569
04553	0.461593
04553	0.595176
04553	0.449158
04553	0.530475
04553	0.580600
04553	0.437963
04553	0.573836
04553	0.639122
04553	0.556224
04757	0.415893
04757	0.454337
04757	0.378989
04757	0.382687
04757	0.421565
04757	0.385807
04757	0.565239
04757	0.538621
04757	0.336964
04549	0.267264
04549	0.254738
04549	0.378748
04549	0.295654
04549	0.229822
04549	0.450594
04549	0.371147
04549	0.290249
04549	0.507261
04695	0.679522
04695	0.682743
04695	0.721656
04695	0.669165
04695	0.723760
04695	0.760287
04695	0.793345
04695	0.801612
04695	0.797008
04695	0.821034
04612	0.600847
04612	0.592995
04612	0.510734
04882	0.499897
04882	0.438753
04882	0.388417
04882	0.492872
04882	0.524521
04882	0.451256
04882	0.403245
04882	0.516882
04882	0.548054
04882	0.481630
04882	0.352296
04882	0.466913
04366	0.310135
04366	0.209287
04366	0.290082
04746	0.431618
04746	0.316632
04746	0.496529
04746	0.330230
04746	0.475845
04746	0.326844
04746	0.304342
04746	0.526011
04746	0.384564
04746	0.442412
04746	0.409114
04746	0.315066
04746	0.501548
04746	0.332402
04746	0.446434
04460	0.691352
04460	0.674889
04460	0.644645
04460	0.600005
04460	0.705267
04460	0.789206
04460	0.693874
04460	0.676613
04460	0.655416
04460	0.797438
04460	0.669452
04460	0.688672
04460	0.672420
04460	0.621103
04460	0.741486
04676	0.560361
04676	0.575431
04676	0.565395
04676	0.577023
04676	0.607139
04676	0.600087
04676	0.678301
04676	0.660976
04676	0.661046
04560	0.534248
04560	0.444987
04560	0.361468
04560	0.385633
04560	0.557777
04560	0.621776
04560	0.594748
04560	0.627300
04560	0.670219
04560	0.585187
04560	0.577472
04560	0.556940
04560	0.558131
04560	0.567750
04560	0.638931
04684	0.692068
04684	0.739565
04684	0.500619
04684	0.597977
04684	0.823916
04684	0.567140
04684	0.740047
04684	0.611707
04684	0.398532
04684	0.731669
04684	0.565527
04684	0.731781
04684	0.520870
04684	0.397239
04684	0.723380
04558	0.590756
04558	0.551065
04558	0.532359
04558	0.543986
04558	0.539932
04558	0.340804
04558	0.546206
04558	0.583061
04558	0.628252
04558	0.612141
04558	0.635838
04558	0.509422
04558	0.518780
04558	0.583495
04558	0.584103
04273	0.775839
04273	0.706903
04273	0.775607
04273	0.613695
04273	0.608670
04273	0.820191
04273	0.681585
04273	0.679717
04273	0.505106
04273	0.559309
04273	0.806085
04273	0.693622
04273	0.661963
04273	0.517383
04273	0.457913
04904	0.600012
04904	0.485937
04904	0.599928
04904	0.490046
04904	0.536468
04904	0.540651
04904	0.441452
04904	0.529132
04904	0.427773
04904	0.473571
04904	0.547816
04904	0.470442
04904	0.551058
04904	0.457214
04904	0.516740
04587	0.595838
04587	0.601475
04587	0.645935
04587	0.671858
04587	0.740056
04587	0.442325
04587	0.623366
04587	0.609882
04587	0.471927
04587	0.535320
04587	0.487437
04587	0.584006
04587	0.647018
04587	0.524035
04587	0.611994
04368	0.775895
04368	0.763816
04368	0.756367
04368	0.800077
04368	0.795616
04368	0.788067
04368	0.789906
04368	0.789963
04368	0.779054
04815	0.652279
04815	0.654042
04815	0.664286
04815	0.708227
04815	0.779399
04815	0.648824
04815	0.627592
04815	0.678386
04815	0.697919
04815	0.763198
04815	0.648025
04815	0.598072
04815	0.690691
04815	0.687414
04815	0.752072
04568	0.457608
04568	0.573124
04568	0.575857
04568	0.593455
04568	0.638606
04568	0.549551
04568	0.647190
04568	0.590542
04568	0.659846
04568	0.669970
04568	0.615081
04568	0.712929
04568	0.667571
04568	0.692427
04568	0.731004
04463	0.729822
04463	0.620821
04463	0.630335
04463	0.529995
04463	0.663604
04463	0.799970
04463	0.704495
04463	0.663801
04463	0.588161
04463	0.690490
04463	0.845263
04463	0.787911
04463	0.719960
04463	0.693787
04463	0.696496
04519	0.403168
04519	0.485438
04519	0.513467
04519	0.679616
04519	0.432037
04519	0.424595
04519	0.481633
04519	0.626880
04519	0.386000
04519	0.470318
04519	0.473985
04519	0.522280
04907	0.432134
04907	0.535216
04907	0.556859
04907	0.564358
04907	0.443730
04907	0.478193
04907	0.532622
04907	0.542585
04907	0.517769
04907	0.474129
04907	0.451750
04907	0.529227
04907	0.551204
04907	0.555195
04907	0.493960
04907	0.500758
04907	0.530983
04907	0.582388
04907	0.590154
04907	0.508222
04600	0.452357
04600	0.634906
04600	0.644253
04600	0.599901
04600	0.637782
04600	0.422003
04600	0.645406
04600	0.627557
04600	0.621130
04600	0.630094
04600	0.480919
04600	0.602694
04600	0.629860
04600	0.558288
04600	0.630008
04821	0.502440
04821	0.466707
04821	0.711749
04821	0.601457
04821	0.462338
04821	0.539672
04821	0.515025
04821	0.751311
04821	0.660764
04821	0.498706
04821	0.722761
04821	0.650160
04821	0.792590
04821	0.730943
04821	0.576715
04202	0.648168
04202	0.698908
04202	0.606621
04202	0.434528
04202	0.593953
04202	0.608476
04202	0.655224
04202	0.574449
04202	0.415184
04202	0.546947
04202	0.562130
04202	0.627047
04202	0.543185
04202	0.338018
04202	0.527886
04724	0.413315
04724	0.419221
04724	0.639437
04724	0.661313
04724	0.613248
04724	0.457285
04724	0.511787
04724	0.629857
04724	0.654490
04724	0.602183
04724	0.337326
04724	0.366495
04724	0.603623
04724	0.628523
04724	0.530789
04337	0.633518
04337	0.604241
04337	0.607963
04337	0.565350
04337	0.737741
04337	0.746803
04337	0.498146
04337	0.701256
04337	0.709195
04516	0.426092
04516	0.456506
04516	0.615519
04516	0.489596
04516	0.631034
04516	0.414993
04516	0.479695
04516	0.618916
04516	0.468919
04516	0.625524
04516	0.456631
04516	0.532173
04516	0.668256
04516	0.457800
04516	0.624560
04513	0.849682
04513	0.806121
04513	0.762756
04513	0.829414
04513	0.623958
04513	0.822631
04513	0.773677
04513	0.732044
04513	0.802057
04513	0.626530
04513	0.819995
04513	0.755380
04513	0.715141
04513	0.808546
04513	0.573331
04652	0.716653
04652	0.606712
04652	0.616374
04652	0.606380
04652	0.627450
04652	0.779259
04652	0.702413
04652	0.708981
04652	0.677679
04652	0.745234
04652	0.689281
04652	0.626698
04652	0.595283
04652	0.575664
04652	0.613605
04615	0.751812
04615	0.686275
04615	0.629842
04615	0.661705
04615	0.569096
04615	0.677407
04615	0.598301
04615	0.535330
04615	0.564519
04615	0.557425
04615	0.846067
04615	0.807221
04615	0.743376
04615	0.805205
04615	0.670649
04776	0.622365
04776	0.657409
04776	0.626782
04776	0.589618
04776	0.628069
04776	0.595010
04776	0.621306
04776	0.642906
04776	0.637354
04901	0.420179
04901	0.560436
04901	0.446873
04901	0.363375
04901	0.441260
04901	0.425105
04901	0.525694
04901	0.372295
04901	0.480334
04901	0.402053
04901	0.507093
04901	0.660438
04901	0.439457
04901	0.426125
04901	0.465145
04691	0.387819
04691	0.512767
04691	0.419620
04691	0.448976
04691	0.531100
04691	0.444964
04691	0.414969
04691	0.513001
04691	0.448189
04577	0.599410
04577	0.632108
04577	0.478083
04577	0.607053
04577	0.703135
04577	0.529641
04577	0.607518
04577	0.649531
04577	0.545793
04331	0.509850
04331	0.400630
04331	0.674928
04331	0.642945
04331	0.585889
04331	0.686300
04331	0.713325
04331	0.527014
04331	0.723754
04838	0.571998
04838	0.549178
04838	0.619428
04838	0.468884
04838	0.523564
04838	0.587300
04838	0.630845
04838	0.628858
04838	0.624086
04838	0.613383
04838	0.626287
04838	0.647232
04838	0.578977
04838	0.600985
04838	0.495418
04772	0.496374
04772	0.574361
04772	0.559029
04772	0.394306
04772	0.452816
04772	0.477010
04772	0.520874
04772	0.512343
04772	0.332275
04772	0.434587
04772	0.512166
04772	0.553101
04772	0.526054
04772	0.385990
04772	0.387929
04872	0.421074
04872	0.364901
04872	0.444571
04203	0.184529
04203	0.499748
04203	0.376530
04203	0.468158
04203	0.691029
04203	0.249240
04203	0.522148
04203	0.396053
04203	0.519600
04203	0.721572
04203	0.230147
04203	0.517051
04203	0.398047
04203	0.496459
04203	0.692363
04813	0.517905
04813	0.521299
04813	0.593013
04813	0.474670
04813	0.486666
04813	0.477514
04813	0.607914
04813	0.291247
04813	0.452781
04813	0.439624
04813	0.619744
04813	0.295246
04843	0.618330
04843	0.811583
04843	0.770880
04843	0.584012
04843	0.596610
04843	0.666376
04843	0.825745
04843	0.687868
04843	0.636421
04843	0.642211
04843	0.620406
04843	0.785564
04843	0.759208
04843	0.562458
04843	0.591764
04780	0.436721
04780	0.481764
04780	0.477715
04780	0.376400
04780	0.542731
04780	0.569352
04780	0.521537
04780	0.608184
04780	0.556768
04780	0.539935
04780	0.584788
04780	0.572124
04780	0.627900
04780	0.613868
04780	0.520036
04708	0.557905
04708	0.494903
04708	0.463341
04708	0.478963
04708	0.534707
04708	0.538492
04708	0.511208
04708	0.468165
04708	0.463576
04708	0.570951
04708	0.505588
04708	0.429514
04708	0.459851
04708	0.457159
04708	0.494490
04632	0.534333
04632	0.509437
04632	0.606909
04632	0.743127
04632	0.737453
04632	0.515599
04632	0.527665
04632	0.509461
04632	0.717715
04632	0.748223
04632	0.590261
04632	0.516399
04632	0.561470
04632	0.802852
04632	0.721105
04767	0.574587
04767	0.590877
04767	0.358798
04767	0.348588
04767	0.323703
04767	0.509215
04767	0.547522
04767	0.442188
04767	0.331641
04767	0.278890
04767	0.508210
04767	0.556980
04767	0.462594
04767	0.294725
04767	0.273163
04239	0.680862
04239	0.686309
04239	0.713587
04239	0.675811
04239	0.620441
04239	0.688806
04239	0.645393
04239	0.634592
04239	0.671264
04765	0.548013
04765	0.653795
04765	0.511410
04765	0.579549
04765	0.564188
04765	0.592215
04765	0.551604
04765	0.552995
04765	0.603154
04765	0.608058
04765	0.533296
04765	0.618336
04765	0.434068
04765	0.480952
04765	0.556776
04922	0.328376
04922	0.637247
04922	0.683486
04922	0.379763
04922	0.636933
04922	0.720096
04922	0.379216
04922	0.596546
04922	0.722984
04922	0.407050
04922	0.590831
04922	0.663729
04493	0.570710
04493	0.577490
04493	0.632728
04493	0.650220
04493	0.648117
04493	0.646629
04493	0.509243
04493	0.506026
04493	0.612634
04436	0.579652
04436	0.679390
04436	0.514020
04436	0.527038
04436	0.627477
04436	0.537690
04436	0.692751
04436	0.522247
04436	0.531660
04436	0.594711
04436	0.483214
04436	0.657838
04436	0.516974
04436	0.540787
04436	0.576574
04777	0.561682
04777	0.589861
04777	0.444843
04777	0.449526
04777	0.546698
04777	0.648445
04777	0.695762
04777	0.486326
04777	0.508501
04777	0.625740
04777	0.613987
04777	0.670026
04777	0.452457
04777	0.520081
04777	0.648864
04758	0.365689
04758	0.436602
04758	0.428920
04758	0.431945
04758	0.412847
04758	0.374009
04758	0.390116
04758	0.406287
04758	0.382270
04758	0.428774
04758	0.328639
04758	0.458009
04758	0.458028
04758	0.355596
04758	0.464165
04868	0.533934
04868	0.391166
04868	0.415720
04868	0.532701
04868	0.528679
04868	0.423906
04868	0.436928
04868	0.566843
04868	0.505459
04868	0.434408
04868	0.447279
04868	0.541868
04824	0.121736
04824	0.085417
04824	0.396681
04824	0.149490
04824	0.192289
04824	0.406449
04596	0.386510
04596	0.390727
04596	0.476475
04596	0.541029
04596	0.361004
04596	0.317550
04596	0.442321
04596	0.438490
04596	0.567984
04596	0.307241
04596	0.288688
04596	0.424386
04596	0.332823
04596	0.621552
04596	0.285612
04651	0.725433
04651	0.647463
04651	0.591421
04651	0.732946
04651	0.620637
04651	0.644236
04651	0.750604
04651	0.601372
04651	0.632075
04764	0.581386
04764	0.635453
04764	0.483067
04764	0.497151
04764	0.693645
04764	0.679775
04764	0.605199
04764	0.627767
04764	0.611300
04764	0.633378
04764	0.500933
04764	0.481829
04581	0.260315
04581	0.438851
04581	0.412947
04581	0.394512
04581	0.386730
04581	0.390635
04581	0.387906
04581	0.385383
04581	0.326754
04581	0.498508
04581	0.463398
04581	0.418109
04514	0.575789
04514	0.745548
04514	0.546217
04514	0.704993
04514	0.544875
04514	0.672305
04514	0.833243
04514	0.543391
04514	0.687879
04514	0.626457
04514	0.565037
04514	0.755670
04514	0.510897
04514	0.630429
04514	0.528761
04831	0.496372
04831	0.567725
04831	0.506208
04831	0.602569
04831	0.485003
04831	0.526339
04831	0.511701
04831	0.504167
04831	0.519964
04831	0.583817
04831	0.514260
04831	0.572590
04734	0.340856
04734	0.539924
04734	0.541442
04734	0.471641
04734	0.496803
04734	0.341295
04734	0.613299
04734	0.484517
04734	0.625899
04734	0.531817
04734	0.345184
04734	0.551285
04734	0.384795
04734	0.518969
04734	0.433737
04728	0.508820
04728	0.604567
04728	0.389903
04728	0.462380
04728	0.479660
04728	0.534955
04728	0.370594
04728	0.419577
04728	0.445914
04728	0.520949
04728	0.350122
04728	0.395252
04606	0.644001
04606	0.717508
04606	0.520122
04606	0.500653
04606	0.664676
04606	0.689418
04606	0.505166
04606	0.553097
04606	0.606531
04606	0.595272
04606	0.525426
04606	0.664587
04512	0.805898
04512	0.691278
04512	0.648852
04512	0.628368
04512	0.724076
04512	0.689300
04512	0.633712
04512	0.586685
04512	0.479889
04512	0.735030
04512	0.821135
04512	0.715524
04512	0.682249
04512	0.678568
04512	0.773403
04509	0.546959
04509	0.501370
04509	0.607914
04509	0.730988
04509	0.676871
04509	0.642944
04509	0.709405
04509	0.796021
04509	0.616625
04509	0.617730
04509	0.706150
04509	0.763491
04511	0.543254
04511	0.527043
04511	0.573484
04511	0.449425
04511	0.536627
04511	0.551309
04511	0.506587
04511	0.511687
04511	0.435358
04511	0.552673
04511	0.536385
04511	0.500820
04511	0.493471
04511	0.488125
04511	0.524248
04572	0.428487
04572	0.590009
04572	0.619136
04572	0.570556
04572	0.540075
04667	0.556730
04667	0.502065
04667	0.494872
04667	0.514791
04667	0.433652
04667	0.561316
04667	0.497683
04667	0.456003
04667	0.543570
04667	0.439287
04667	0.582172
04667	0.539820
04667	0.484426
04667	0.513391
04667	0.427365
04702	0.692253
04702	0.596457
04702	0.697699
04702	0.610875
04702	0.613193
04702	0.706640
04702	0.493363
04702	0.634996
04702	0.425850
04702	0.422401
04702	0.757913
04702	0.592502
04702	0.679918
04702	0.421031
04702	0.459777
04833	0.488353
04833	0.461068
04833	0.475940
04833	0.419648
04833	0.428588
04833	0.441674
04833	0.389629
04833	0.391333
04833	0.362429
04833	0.363020
04833	0.526140
04833	0.484488
04833	0.487222
04833	0.490700
04833	0.466033
04437	0.454032
04437	0.444713
04437	0.610281
04437	0.509245
04437	0.085589
04437	0.503156
04437	0.460591
04437	0.669483
04437	0.540190
04437	0.203819
04301	0.439274
04301	0.343437
04301	0.506924
04301	0.477225
04301	0.553028
04301	0.531793
04301	0.595318
04301	0.564955
04301	0.456225
04301	0.391379
04301	0.614318
04301	0.563585
04324	0.681195
04324	0.647907
04324	0.570255
04324	0.644770
04324	0.663715
04324	0.625136
04324	0.576261
04324	0.694003
04324	0.591282
04324	0.551207
04324	0.574546
04324	0.690505
04319	0.577338
04319	0.518634
04319	0.621245
04319	0.649583
04319	0.710881
04319	0.527434
04319	0.427236
04319	0.541368
04319	0.635471
04319	0.622613
04319	0.605844
04319	0.475379
04319	0.590907
04319	0.595615
04319	0.693179
04508	0.449480
04508	0.507991
04508	0.456568
04508	0.502756
04508	0.514337
04508	0.468335
04508	0.545769
04508	0.545128
04508	0.553955
04508	0.504220
04508	0.513415
04508	0.526240
04508	0.523343
04508	0.544952
04508	0.526752
04720	0.434684
04720	0.534417
04720	0.434033
04720	0.558437
04720	0.467308
04720	0.418429
04720	0.520832
04720	0.423374
04720	0.552759
04720	0.468207
04720	0.397798
04720	0.506139
04720	0.469670
04720	0.541240
04720	0.519099
04787	0.488373
04787	0.498482
04787	0.354010
04787	0.308649
04787	0.332851
04787	0.486202
04787	0.459287
04787	0.389649
04787	0.296782
04787	0.381272
04787	0.330693
04787	0.334117
04787	0.443615
04787	0.352556
04787	0.480029
04482	0.545820
04482	0.574172
04482	0.584551
04482	0.573869
04482	0.610213
04482	0.513359
04482	0.549687
04482	0.541682
04482	0.545163
04482	0.643277
04482	0.531169
04482	0.544011
04482	0.503072
04482	0.533848
04482	0.691713
04395	0.627831
04395	0.647813
04395	0.491450
04395	0.672666
04395	0.563191
04395	0.581716
04395	0.375697
04395	0.549827
04395	0.611574
04395	0.645082
04395	0.469367
04395	0.629727
04794	0.486796
04794	0.675948
04794	0.710590
04794	0.491384
04794	0.546462
04794	0.701097
04794	0.721469
04794	0.453468
04794	0.483560
04794	0.665175
04794	0.689805
04794	0.401486
04442	0.346241
04442	0.536611
04442	0.352002
04442	0.622675
04442	0.597516
04442	0.334622
04442	0.501143
04442	0.373472
04442	0.630442
04442	0.614808
04442	0.357595
04442	0.527379
04442	0.382356
04442	0.653414
04442	0.620222
04656	0.319664
04656	0.302549
04656	0.255711
04656	0.269704
04656	0.341488
04656	0.364974
04656	0.391371
04656	0.428469
04656	0.395678
04656	0.420081
04656	0.411931
04656	0.437351
04580	0.479430
04580	0.447733
04580	0.429615
04580	0.477155
04580	0.566601
04580	0.532699
04580	0.427609
04580	0.490680
04580	0.480056
04580	0.567446
04580	0.499667
04580	0.443810
04580	0.485146
04580	0.463994
04580	0.541295
04479	0.759391
04479	0.737335
04479	0.425296
04479	0.598839
04479	0.580979
04479	0.846661
04479	0.797852
04479	0.565596
04479	0.672675
04479	0.647054
04479	0.811193
04479	0.785065
04479	0.527111
04479	0.665121
04479	0.637609
04673	0.828757
04673	0.709686
04673	0.597272
04673	0.528151
04673	0.638425
04673	0.800685
04673	0.663441
04673	0.490376
04673	0.468160
04673	0.647906
04673	0.844628
04673	0.736149
04673	0.620703
04673	0.505836
04673	0.654826
04818	0.542179
04818	0.546279
04818	0.573610
04818	0.504719
04818	0.563676
04818	0.637966
04818	0.664902
04818	0.684492
04818	0.585746
04818	0.586642
04818	0.706237
04818	0.722148
04818	0.720881
04818	0.657574
04818	0.683161
04481	0.549534
04481	0.650002
04481	0.540005
04481	0.592442
04481	0.535916
04481	0.542746
04481	0.579586
04481	0.563673
04481	0.544957
04481	0.497865
04481	0.509105
04481	0.686070
04481	0.538339
04481	0.604916
04481	0.502035
04533	0.579623
04533	0.541228
04533	0.446933
04533	0.516511
04533	0.593912
04533	0.529311
04533	0.465242
04533	0.532083
04533	0.628387
04533	0.559112
04533	0.455955
04533	0.525113
04573	0.502988
04573	0.572604
04573	0.480743
04573	0.497598
04573	0.524101
04573	0.371249
04573	0.487124
04573	0.518428
04573	0.412142
04768	0.647742
04768	0.590837
04768	0.624111
04768	0.728471
04768	0.762209
04768	0.627507
04768	0.601738
04768	0.604220
04768	0.685338
04768	0.750914
04768	0.631731
04768	0.617629
04768	0.606561
04768	0.736636
04768	0.787443
04548	0.707204
04548	0.693820
04548	0.687914
04548	0.738260
04548	0.706905
04548	0.733476
04548	0.708772
04548	0.685610
04548	0.718558
04627	0.541640
04627	0.531145
04627	0.539261
04627	0.515794
04854	0.611623
04854	0.690752
04854	0.582001
04854	0.650055
04854	0.610627
04854	0.707945
04854	0.539069
04854	0.624820
04854	0.569062
04854	0.622739
04854	0.519036
04854	0.536549
04327	0.792635
04327	0.863965
04327	0.788876
04327	0.849678
04327	0.832777
04327	0.839879
04327	0.894992
04327	0.796399
04327	0.872358
04327	0.829835
04327	0.821238
04327	0.825827
04327	0.751131
04327	0.768384
04327	0.803270
04300	0.432114
04300	0.513463
04300	0.390923
04300	0.511169
04300	0.657638
04300	0.462277
04300	0.472594
04300	0.569595
04300	0.620861
04300	0.756213
04300	0.438087
04300	0.492579
04300	0.412859
04300	0.493696
04300	0.628414
04404	0.568971
04404	0.558477
04404	0.509765
04404	0.491561
04404	0.577770
04404	0.585619
04404	0.557371
04404	0.439318
04404	0.618098
04404	0.499290
04404	0.522465
04404	0.474032
04742	0.549211
04742	0.647408
04742	0.377397
04742	0.547717
04742	0.454664
04742	0.534552
04742	0.548867
04742	0.450083
04742	0.533352
04742	0.449938
04742	0.616768
04742	0.691119
04742	0.407765
04742	0.605905
04742	0.494704
04916	0.358270
04916	0.480301
04916	0.614615
04916	0.613363
04916	0.617310
04916	0.401154
04916	0.455144
04916	0.630140
04916	0.602996
04916	0.594721
04916	0.428048
04916	0.494313
04916	0.664153
04916	0.650018
04916	0.635899
04916	0.444420
04916	0.538147
04916	0.676338
04916	0.614812
04916	0.638489
04361	0.585637
04361	0.415217
04361	0.562365
04361	0.654595
04361	0.702310
04361	0.581045
04361	0.691788
04361	0.582345
04361	0.688432
04361	0.520844
04361	0.658049
04361	0.583619
04839	0.456422
04839	0.491204
04839	0.658733
04839	0.413370
04839	0.458764
04839	0.661785
04839	0.505283
04839	0.577648
04839	0.692419
04628	0.677827
04628	0.608468
04628	0.480413
04628	0.678455
04628	0.781867
04628	0.775670
04628	0.663380
04628	0.540636
04628	0.737447
04628	0.810085
04628	0.739573
04628	0.634600
04628	0.554075
04628	0.687310
04628	0.779859
04744	0.397697
04744	0.312468
04744	0.378691
04744	0.348439
04744	0.375068
04744	0.383764
04744	0.369476
04744	0.357924
04744	0.359732
04744	0.414253
04744	0.411972
04744	0.394948
04744	0.388661
04744	0.382812
04744	0.468501
04610	0.743272
04610	0.769339
04610	0.796603
04610	0.736516
04610	0.736341
04610	0.739999
04610	0.756534
04610	0.795982
04610	0.778999
04425	0.269780
04425	0.219123
04425	0.402027
04425	0.331612
04425	0.288217
04425	0.380476
04425	0.278216
04425	0.300225
04425	0.336685
04933	0.550198
04933	0.476105
04933	0.485754
04933	0.541103
04933	0.425449
04933	0.410865
04933	0.502814
04933	0.415822
04933	0.433088
04933	0.600763
04933	0.458714
04933	0.430684
04309	0.466172
04309	0.443810
04309	0.402034
04309	0.411788
04309	0.415802
04309	0.493785
04309	0.507050
04309	0.446929
04309	0.453387
04309	0.439782
04309	0.453015
04309	0.498837
04309	0.450863
04309	0.515961
04309	0.416160
04709	0.543483
04709	0.606610
04709	0.342231
04709	0.414764
04709	0.465581
04709	0.542848
04709	0.622610
04709	0.471592
04709	0.450977
04709	0.463050
04709	0.455096
04709	0.587451
04709	0.445212
04709	0.480656
04709	0.493288
04349	0.661417
04349	0.639143
04349	0.610038
04349	0.468615
04349	0.457234
04349	0.571596
04349	0.542750
04349	0.558699
04349	0.414442
04349	0.412246
04349	0.670352
04349	0.636783
04349	0.633733
04349	0.542287
04349	0.423281
04760	0.658952
04760	0.658611
04760	0.716211
04760	0.826340
04760	0.801977
04760	0.626409
04760	0.599966
04760	0.634874
04760	0.805470
04760	0.790689
04760	0.638321
04760	0.642211
04760	0.695274
04760	0.788108
04760	0.755968
04626	0.576354
04626	0.693168
04626	0.496679
04626	0.452110
04626	0.628429
04626	0.523405
04626	0.613812
04626	0.470023
04626	0.422234
04626	0.568981
04626	0.630590
04626	0.692662
04626	0.542823
04626	0.449965
04626	0.653019
04305	0.262452
04305	0.357120
04305	0.198202
04305	0.309706
04305	0.222720
04305	0.268746
04305	0.365247
04305	0.267955
04305	0.412554
04305	0.326660
04305	0.284133
04305	0.367492
04305	0.192770
04305	0.323886
04305	0.260723
04693	0.623918
04693	0.591487
04693	0.591049
04693	0.549661
04693	0.650520
04693	0.719763
04693	0.700466
04693	0.668835
04693	0.731030
04693	0.706072
04693	0.726250
04693	0.690679
04688	0.697707
04688	0.695210
04688	0.617629
04688	0.690102
04688	0.588617
04688	0.741599
04688	0.761501
04688	0.689940
04688	0.763193
04688	0.683557
04863	0.357526
04863	0.368439
04863	0.407407
04863	0.444005
04863	0.561429
04863	0.391225
04863	0.455662
04863	0.452860
04863	0.453607
04863	0.498524
04863	0.414520
04863	0.468174
04863	0.504362
04863	0.486801
04863	0.498258
04865	0.429636
04865	0.460441
04865	0.606532
04865	0.389258
04865	0.461823
04865	0.395657
04865	0.313639
04865	0.495633
04865	0.424548
04865	0.438659
04865	0.357203
04865	0.407360
04865	0.597058
04865	0.486345
04865	0.355048
04274	0.520893
04274	0.686237
04274	0.653621
04274	0.632013
04274	0.659901
04274	0.501126
04274	0.619272
04274	0.620144
04274	0.505557
04274	0.565764
04274	0.604280
04274	0.713879
04274	0.647900
04274	0.631148
04274	0.639914
04370	0.800522
04370	0.700678
04370	0.739014
04370	0.709513
04370	0.690241
04370	0.758540
04370	0.591213
04370	0.728718
04370	0.587873
04370	0.571642
04370	0.815101
04370	0.735755
04370	0.762335
04370	0.749170
04370	0.718349
04853	0.535248
04853	0.377966
04853	0.615228
04853	0.478402
04853	0.388862
04853	0.516932
04853	0.434169
04853	0.551750
04853	0.506693
04853	0.457497
04853	0.618438
04853	0.388259
04853	0.597916
04853	0.473597
04853	0.367645
04893	0.648940
04893	0.657718
04893	0.765739
04893	0.730903
04893	0.723141
04893	0.648382
04893	0.645641
04893	0.753667
04893	0.703029
04893	0.684808
04893	0.709531
04893	0.719406
04893	0.789165
04893	0.741276
04893	0.734113
04903	0.507981
04903	0.506909
04903	0.524024
04903	0.256906
04903	0.399107
04903	0.565063
04903	0.540277
04903	0.528310
04903	0.265995
04903	0.413755
04903	0.489415
04903	0.474810
04903	0.478581
04903	0.303326
04903	0.374184
04529	0.489622
04529	0.531670
04529	0.544610
04388	0.834013
04388	0.384935
04388	0.548900
04388	0.709695
04388	0.736105
04388	0.848493
04388	0.395950
04388	0.527017
04388	0.667086
04388	0.684071
04388	0.798164
04388	0.450651
04388	0.460469
04388	0.665783
04388	0.696289
04929	0.621741
04929	0.434889
04929	0.525285
04929	0.436629
04929	0.660556
04929	0.503310
04929	0.544502
04929	0.502637
04929	0.663356
04929	0.471346
04929	0.533487
04929	0.512234
04929	0.660432
04929	0.494683
04929	0.559134
04929	0.505182
04779	0.388031
04779	0.418397
04779	0.417626
04779	0.446240
04779	0.397198
04779	0.412523
04779	0.447802
04779	0.431612
04779	0.373515
04779	0.389117
04779	0.414344
04779	0.420047
04387	0.560176
04387	0.531740
04387	0.494643
04387	0.531890
04387	0.474109
04387	0.454610
04387	0.528759
04387	0.466168
04387	0.512663
04387	0.413683
04387	0.496794
04387	0.493969
04387	0.402364
04387	0.435009
04387	0.396401
04524	0.392236
04524	0.445008
04524	0.437838
04524	0.436937
04524	0.512307
04524	0.362781
04524	0.356849
04524	0.410494
04524	0.370864
04524	0.409514
04524	0.430466
04524	0.496663
04524	0.452441
04524	0.530604
04524	0.537877
04535	0.289012
04535	0.394956
04535	0.391609
04535	0.470038
04535	0.529548
04535	0.517905
04535	0.403318
04535	0.495235
04535	0.483602
04800	0.695072
04800	0.749935
04800	0.518820
04936	0.591188
04936	0.739298
04936	0.712065
04936	0.615963
04936	0.629783
04936	0.598416
04936	0.748252
04936	0.712036
04936	0.644154
04936	0.646140
04936	0.565701
04936	0.730731
04936	0.721219
04936	0.628871
04936	0.630479
04936	0.608824
04936	0.739646
04936	0.743713
04936	0.681721
04936	0.660780
04866	0.454523
04866	0.511652
04866	0.512207
04866	0.435243
04866	0.437998
04866	0.487490
04866	0.485369
04866	0.386720
04866	0.455340
04866	0.493131
04866	0.434794
04866	0.414347
04832	0.491952
04832	0.331857
04832	0.337367
04832	0.366191
04832	0.548554
04832	0.507312
04832	0.515972
04832	0.512616
04832	0.607467
04832	0.579512
04832	0.548891
04832	0.393045
04832	0.314436
04832	0.406137
04832	0.568706
04417	0.520732
04417	0.597609
04417	0.494398
04417	0.604790
04417	0.529961
04417	0.454998
04417	0.438835
04417	0.521886
04417	0.576968
04778	0.654024
04778	0.769828
04778	0.702198
04778	0.796427
04778	0.493395
04778	0.640283
04778	0.697257
04778	0.621520
04778	0.740342
04778	0.396608
04778	0.700078
04778	0.751876
04778	0.696121
04778	0.806434
04778	0.452025
04683	0.668146
04683	0.530082
04683	0.247962
04683	0.338307
04683	0.725425
04683	0.577265
04683	0.332345
04683	0.473136
04683	0.663636
04683	0.555721
04683	0.381537
04683	0.464250
04211	0.494372
04211	0.698916
04211	0.719911
04211	0.522420
04211	0.704008
04211	0.745948
04211	0.474753
04211	0.626425
04211	0.739214
04496	0.722230
04496	0.441107
04496	0.547877
04496	0.392203
04496	0.672379
04496	0.692758
04496	0.442571
04496	0.547786
04496	0.353811
04496	0.640786
04496	0.755618
04496	0.565697
04496	0.649299
04496	0.417425
04496	0.714817
04347	0.605000
04347	0.615245
04347	0.627916
04347	0.496997
04347	0.553909
04347	0.612359
04347	0.628028
04347	0.602283
04347	0.498217
04347	0.475556
04347	0.632470
04347	0.624820
04347	0.655138
04347	0.533599
04347	0.570026
04784	0.779614
04784	0.762463
04784	0.725411
04784	0.734027
04784	0.793600
04784	0.832306
04784	0.798286
04784	0.769668
04784	0.763599
04784	0.830787
04784	0.759603
04784	0.696798
04784	0.670596
04784	0.655352
04784	0.745257
04523	0.443080
04523	0.723524
04523	0.777513
04523	0.430183
04523	0.680526
04523	0.730209
04523	0.449486
04523	0.687060
04523	0.736986
04689	0.624853
04689	0.657384
04689	0.669470
04689	0.632754
04689	0.656305
04689	0.654176
04689	0.724282
04689	0.747846
04689	0.633707
04689	0.746387
04689	0.583026
04689	0.662950
04689	0.675956
04689	0.623440
04689	0.686155
04256	0.584392
04256	0.548946
04256	0.689706
04256	0.515430
04256	0.491477
04256	0.631168
04256	0.551951
04256	0.531296
04256	0.651759
04477	0.646853
04477	0.710469
04477	0.662603
04477	0.553794
04477	0.673984
04477	0.720249
04477	0.641279
04477	0.673736
04477	0.642297
04718	0.673227
04718	0.481828
04718	0.516972
04718	0.327865
04718	0.590992
04718	0.529866
04718	0.456602
04718	0.541288
04718	0.442813
04718	0.362344
04718	0.624184
04718	0.463778
04718	0.562035
04718	0.376082
04718	0.616092
04846	0.746073
04846	0.496829
04846	0.734455
04846	0.657528
04846	0.516556
04846	0.683635
04846	0.513920
04846	0.687700
04846	0.533660
04846	0.404446
04846	0.705967
04846	0.518189
04846	0.747036
04846	0.610561
04846	0.430670
04887	0.403314
04887	0.448708
04887	0.353293
04887	0.459686
04887	0.486758
04887	0.576813
04887	0.449773
04887	0.555403
04887	0.431973
04887	0.545659
04887	0.352345
04887	0.516431
04703	0.650781
04703	0.677404
04703	0.619107
04703	0.656227
04703	0.553918
04703	0.651468
04703	0.521859
04703	0.570097
04703	0.554680
04703	0.617268
04703	0.505272
04703	0.522016
04790	0.656348
04790	0.593507
04790	0.535395
04790	0.517320
04790	0.619434
04790	0.620606
04790	0.603368
04790	0.540971
04790	0.533339
04790	0.595542
04790	0.690188
04790	0.627749
04790	0.613735
04790	0.537984
04790	0.671917
04427	0.615937
04427	0.614871
04427	0.646914
04427	0.466119
04427	0.555936
04427	0.598239
04427	0.611098
04427	0.627202
04427	0.435538
04427	0.536584
04427	0.552002
04427	0.575251
04427	0.603081
04427	0.439934
04427	0.527587
04589	0.701191
04589	0.682713
04589	0.489194
04589	0.575205
04589	0.492557
04589	0.738607
04589	0.719500
04589	0.461160
04589	0.572874
04589	0.520133
04589	0.730217
04589	0.702619
04589	0.485680
04589	0.570142
04589	0.492356
04430	0.617377
04430	0.497443
04430	0.460499
04430	0.474004
04430	0.384069
04430	0.523988
04430	0.450838
04430	0.459793
04430	0.458694
04430	0.356762
04430	0.585099
04430	0.501749
04430	0.503769
04430	0.491834
04430	0.346568
04316	0.220363
04316	0.391169
04316	0.575772
04316	0.667050
04316	0.639165
04316	0.268948
04316	0.386805
04316	0.646515
04316	0.663947
04316	0.642881
04316	0.217808
04316	0.420940
04316	0.588652
04316	0.665339
04316	0.648170
04629	0.459315
04629	0.434671
04629	0.442680
04629	0.454863
04629	0.509171
04629	0.488532
04629	0.426688
04629	0.464042
04629	0.468052
04629	0.504720
04629	0.452316
04629	0.389577
04629	0.393176
04629	0.402282
04629	0.514637
02463	0.727763
02463	0.639550
02463	0.439349
02463	0.465447
02463	0.729425
02463	0.752771
02463	0.641337
02463	0.528584
02463	0.472893
02463	0.712823
02463	0.718314
02463	0.620108
02463	0.537170
02463	0.511488
02463	0.689440
04537	0.520312
04537	0.670736
04537	0.614338
04537	0.455495
04537	0.416008
04537	0.441104
04537	0.577044
04537	0.591248
04537	0.382272
04537	0.362632
04537	0.529072
04537	0.629347
04537	0.612959
04537	0.424571
04537	0.347871
04385	0.543909
04385	0.467526
04385	0.526228
04385	0.501742
04385	0.511616
04385	0.468195
04385	0.432470
04385	0.489246
04385	0.569080
04385	0.606300
04786	0.417457
04786	0.436026
04786	0.400944
04786	0.425123
04786	0.437572
04786	0.452653
04786	0.401820
04786	0.437567
04786	0.448776
04786	0.455377
04786	0.508532
04786	0.398422
04786	0.448307
04786	0.465874
04786	0.418539
04320	0.686903
04320	0.593752
04320	0.550975
04320	0.653900
04320	0.704612
04320	0.643171
04320	0.590967
04320	0.625540
04320	0.682451
04320	0.652062
04320	0.554201
04320	0.658449
04578	0.414463
04578	0.368192
04578	0.518958
04578	0.522984
04578	0.390375
04578	0.364910
04578	0.485909
04578	0.468397
04578	0.386726
04578	0.337049
04578	0.501616
04578	0.462528
04579	0.405929
04579	0.499263
04579	0.573693
04579	0.618811
04579	0.559734
04579	0.420593
04579	0.500635
04579	0.542243
04579	0.537086
04579	0.501104
04579	0.486100
04579	0.503832
04579	0.564822
04579	0.572978
04579	0.520984
04880	0.583747
04880	0.546872
04880	0.616126
04880	0.642714
04880	0.598755
04880	0.574923
04880	0.665859
04880	0.687268
04561	0.605059
04561	0.623978
04561	0.502617
04561	0.620804
04561	0.545659
04561	0.579425
04561	0.556229
04561	0.414994
04561	0.641451
04561	0.554051
04561	0.619550
04561	0.614529
04561	0.493236
04561	0.632074
04561	0.530055
04817	0.116569
04817	0.164871
04817	0.451913
04456	0.605656
04456	0.749977
04456	0.644297
04456	0.681840
04456	0.733476
04456	0.642978
04456	0.748581
04456	0.661216
04456	0.683558
04456	0.739518
04456	0.599915
04456	0.748051
04456	0.602680
04456	0.661807
04456	0.699607
04350	0.446173
04350	0.471097
04350	0.298738
04350	0.563424
04350	0.536417
04350	0.575156
04350	0.393780
04350	0.633013
04350	0.431421
04350	0.485662
04350	0.315840
04350	0.547260
04766	0.583784
04766	0.651091
04766	0.607291
04792	0.827454
04792	0.422516
04792	0.502065
04792	0.471049
04792	0.392451
04792	0.811832
04792	0.494644
04792	0.488660
04792	0.481134
04792	0.434874
04792	0.806211
04792	0.466613
04792	0.405787
04792	0.484175
04792	0.413464
04795	0.557308
04795	0.526304
04795	0.394477
04697	0.548017
04697	0.424928
04697	0.391083
04697	0.563941
04697	0.682908
04697	0.480591
04697	0.500915
04697	0.676286
04697	0.580207
04697	0.341347
04697	0.371342
04697	0.512879
04461	0.535348
04461	0.420194
04461	0.507093
04461	0.425692
04461	0.519848
04461	0.517960
04461	0.388087
04461	0.525663
04461	0.424169
04461	0.516215
04461	0.524880
04461	0.403491
04461	0.485908
04461	0.372969
04461	0.506240
04431	0.490930
04431	0.530832
04431	0.543615
04431	0.452954
04431	0.512542
04431	0.449528
04431	0.467924
04431	0.475569
04431	0.374018
04431	0.453995
04431	0.488891
04431	0.510451
04431	0.528559
04431	0.473685
04431	0.480604
04681	0.346349
04681	0.458470
04681	0.405688
04681	0.402944
04681	0.430831
04681	0.320555
04681	0.427119
04681	0.375869
04681	0.375469
04681	0.420362
04681	0.354227
04681	0.486243
04681	0.438982
04681	0.425536
04681	0.461815
04745	0.476809
04745	0.466890
04745	0.395625
04745	0.435002
04745	0.396027
04745	0.453267
04745	0.479892
04745	0.429338
04745	0.435618
04745	0.356431
04745	0.459843
04745	0.507266
04745	0.428977
04745	0.452107
04745	0.346605
04782	0.608428
04782	0.592451
04782	0.573646
04782	0.535329
04750	0.608779
04750	0.555049
04750	0.599424
04750	0.423223
04750	0.550267
04750	0.705670
04750	0.533109
04750	0.703455
04750	0.454626
04750	0.579909
04750	0.718236
04750	0.548664
04750	0.698270
04750	0.482715
04750	0.576835
04311	0.824025
04311	0.768030
04311	0.789117
04311	0.703156
04311	0.728854
04311	0.784180
04311	0.792409
04311	0.761120
04311	0.687702
04311	0.768327
04311	0.824495
04311	0.752405
04311	0.790899
04311	0.715443
04311	0.769656
04603	0.530002
04603	0.547981
04603	0.373598
04603	0.361209
04603	0.507996
04603	0.549930
04603	0.414642
04603	0.346931
04603	0.546504
04603	0.526751
04603	0.365938
04603	0.335030
04429	0.565352
04429	0.477431
04429	0.358296
04429	0.655175
04429	0.571271
04429	0.443980
04429	0.610587
04429	0.518516
04429	0.318609
04675	0.613986
04675	0.609363
04675	0.585067
04675	0.594955
04675	0.706386
04675	0.578646
04675	0.565545
04675	0.576783
04675	0.499270
04675	0.589085
04675	0.587159
04675	0.549575
04675	0.596249
04675	0.562708
04675	0.655631
04644	0.732481
04644	0.663805
04644	0.649858
04644	0.704021
04644	0.747446
04644	0.729229
04644	0.601530
04644	0.751302
04644	0.698858
04644	0.647264
04644	0.622616
04644	0.656146
04505	0.519163
04505	0.632549
04505	0.619242
04505	0.618840
04505	0.550371
04505	0.748886
04505	0.672430
04505	0.680943
04505	0.644582
04505	0.707155
04505	0.563923
04505	0.672233
04505	0.648855
04505	0.521209
04505	0.519655
04343	0.718899
04343	0.765662
04343	0.834538
04343	0.838548
04343	0.787679
04343	0.688481
04343	0.753086
04343	0.779463
04343	0.774702
04343	0.667998
04343	0.722927
04343	0.773267
04343	0.793744
04343	0.776791
04343	0.699957
04810	0.496293
04810	0.476354
04810	0.565378
04810	0.545411
04810	0.544342
04810	0.544662
04810	0.624045
04810	0.556774
04810	0.497759
04810	0.518027
04810	0.542172
04810	0.584439
04382	0.682654
04382	0.745871
04382	0.670534
04382	0.826247
04382	0.791195
04382	0.724306
04382	0.649213
04382	0.705808
04382	0.638062
04382	0.640763
04382	0.658279
04382	0.649047
04382	0.697590
04382	0.593967
04382	0.551875
04848	0.678218
04848	0.671999
04848	0.682401
04848	0.674462
04848	0.523544
04848	0.692417
04848	0.689907
04848	0.732411
04848	0.691613
04848	0.579637
04848	0.638565
04848	0.625153
04848	0.673349
04848	0.633572
04848	0.513166
04849	0.421068
04849	0.491015
04849	0.319766
04849	0.366555
04849	0.412884
04849	0.519062
04849	0.353422
04849	0.421647
04849	0.423264
04849	0.520141
04849	0.354144
04849	0.407047
04900	0.476436
04900	0.533840
04900	0.489083
04900	0.408704
04900	0.440919
04900	0.494768
04900	0.585462
04900	0.468081
04900	0.472502
04900	0.503822
04900	0.560987
04900	0.629527
04900	0.531071
04900	0.494677
04900	0.525059
04876	0.524447
04876	0.661707
04876	0.420543
04876	0.439114
04876	0.534613
04876	0.543968
04876	0.632086
04876	0.494646
04876	0.530817
04876	0.581805
04876	0.548704
04876	0.695148
04876	0.521283
04876	0.555497
04876	0.520024
04633	0.508987
04633	0.561547
04633	0.663283
04633	0.621138
04633	0.527415
04633	0.494986
04633	0.556753
04633	0.669302
04633	0.554208
04633	0.468100
04633	0.497976
04633	0.532602
04633	0.641591
04633	0.617672
04633	0.461049
04886	0.173396
04886	0.206107
04886	0.386207
04495	0.497585
04495	0.599493
04495	0.508444
04495	0.571392
04495	0.428973
04495	0.449027
04495	0.564164
04495	0.446824
04495	0.541765
04495	0.459238
04495	0.559660
04495	0.640463
04495	0.534146
04495	0.630929
04495	0.526425
04408	0.575362
04408	0.588229
04408	0.545375
04408	0.436805
04408	0.512903
04408	0.647117
04408	0.624135
04408	0.633211
04408	0.483851
04408	0.616143
04408	0.639936
04408	0.619808
04408	0.664269
04408	0.505489
04408	0.622518
04785	0.709617
04785	0.587037
04785	0.729912
04785	0.699995
04785	0.698638
04785	0.743415
04785	0.597038
04785	0.742069
04785	0.723102
04785	0.701649
04785	0.683775
04785	0.561340
04785	0.669245
04785	0.683544
04785	0.657950
04428	0.641028
04428	0.569343
04428	0.347910
04428	0.413840
04428	0.415101
04428	0.577607
04428	0.497561
04428	0.360827
04428	0.393052
04428	0.412449
04428	0.616281
04428	0.552532
04428	0.378132
04428	0.421872
04428	0.463530
04806	0.753249
04806	0.709861
04806	0.805788
04806	0.784679
04806	0.672894
04806	0.765874
04806	0.713890
04806	0.786841
04806	0.771132
04806	0.640147
04806	0.765554
04806	0.712321
04806	0.786598
04806	0.777723
04806	0.635652
04836	0.591192
04836	0.711790
04836	0.661865
04836	0.566030
04836	0.698860
04836	0.612331
04836	0.648480
04836	0.661998
04836	0.491607
04836	0.667689
04836	0.621575
04836	0.590455
04836	0.641176
04836	0.415900
04836	0.534756
04756	0.554508
04756	0.595582
04756	0.566088
04756	0.484908
04756	0.500549
04829	0.569053
04829	0.519086
04829	0.477587
04829	0.425182
04829	0.437519
04829	0.414075
04829	0.389200
04829	0.364891
04829	0.544757
04829	0.520902
04829	0.466328
04829	0.448684
04754	0.408675
04754	0.434346
04754	0.616298
04754	0.413396
04754	0.624617
04444	0.527364
04444	0.504671
04444	0.383135
04444	0.537254
04444	0.506469
04444	0.549860
04444	0.522315
04444	0.367808
04444	0.546889
04444	0.497115
04444	0.553565
04444	0.527060
04444	0.342726
04444	0.532379
04444	0.485613
04406	0.596610
04406	0.594174
04406	0.501603
04406	0.625977
04406	0.633391
04406	0.465382
04406	0.615220
04406	0.635460
04406	0.456394
04735	0.697315
04735	0.613448
04735	0.681125
04735	0.587714
04735	0.569988
04735	0.663509
04735	0.646849
04735	0.690191
04735	0.580753
04735	0.530190
04735	0.626654
04735	0.599162
04735	0.613536
04735	0.573916
04735	0.538597
04822	0.360023
04822	0.465400
04822	0.442521
04822	0.382696
04822	0.555616
04822	0.348673
04822	0.405777
04822	0.383392
04822	0.388900
04822	0.516825
04822	0.364909
04822	0.457133
04822	0.423745
04822	0.394481
04822	0.564132
04338	0.789900
04338	0.556399
04338	0.643131
04338	0.563472
04338	0.658501
04856	0.534202
04856	0.444504
04856	0.524981
04856	0.385411
04856	0.433985
04856	0.459583
04856	0.541545
04856	0.545387
04856	0.585144
04856	0.497661
04856	0.524640
04856	0.521984
04856	0.545218
04856	0.471955
04856	0.397825
04869	0.702713
04869	0.582128
04869	0.682315
04869	0.587452
04869	0.490992
04869	0.674869
04869	0.534403
04869	0.627835
04869	0.569506
04869	0.459853
04869	0.688250
04869	0.520997
04869	0.612478
04869	0.578439
04869	0.456363
04743	0.709257
04743	0.770785
04743	0.777212
04743	0.769829
04743	0.784285
04743	0.793243
04743	0.677306
04743	0.714292
04743	0.726668
04302	0.411422
04302	0.548979
04302	0.386351
04302	0.380435
04302	0.366257
04302	0.485825
04302	0.534250
04302	0.493613
04302	0.389743
04302	0.350664
04302	0.463624
04302	0.608553
04302	0.481477
04302	0.357846
04302	0.335237
04344	0.580571
04344	0.494193
04344	0.483225
04344	0.610262
04344	0.553621
04344	0.605972
04344	0.588269
04344	0.479811
04344	0.426660
04884	0.595426
04884	0.682660
04884	0.567380
04884	0.693364
04884	0.316534
04884	0.535107
04884	0.623907
04884	0.463390
04884	0.611515
04884	0.433141
04884	0.528407
04884	0.623791
04884	0.491793
04884	0.620681
04884	0.392341
04931	0.207685
04931	0.201689
04931	0.254317
04931	0.192452
04931	0.166693
04931	0.327387
04261	0.478834
04261	0.424903
04261	0.401253
04261	0.454417
04261	0.469542
04261	0.439325
04261	0.385726
04261	0.493102
04261	0.441961
04261	0.431884
04261	0.435824
04261	0.483771
04201	0.744844
04201	0.619069
04201	0.673050
04201	0.611627
04201	0.616561
04201	0.696837
04201	0.589636
04201	0.612530
04201	0.483552
04201	0.486120
04201	0.735066
04201	0.604890
04201	0.643707
04201	0.586385
04201	0.528486
04539	0.618448
04539	0.640359
04539	0.739456
04539	0.619038
04539	0.679898
04539	0.525610
04539	0.630383
04539	0.676661
04539	0.644876
04539	0.621612
04539	0.686474
04539	0.602829
04539	0.657147
04539	0.641664
04539	0.664570
04609	0.630793
04609	0.414158
04609	0.545369
04609	0.667127
04609	0.659952
04609	0.584010
04609	0.633144
04609	0.695059
04609	0.774209
04609	0.551755
04609	0.699186
04609	0.769503
04803	0.531297
04803	0.513019
04803	0.436054
04803	0.593257
04803	0.569503
04803	0.389084
04803	0.558417
04803	0.500087
04803	0.313008
04379	0.511797
04379	0.693010
04379	0.402061
04379	0.615766
04379	0.634487
04379	0.530659
04379	0.703464
04379	0.555195
04379	0.694100
04379	0.708968
04379	0.651236
04379	0.775255
04379	0.626411
04379	0.698430
04379	0.753813
04927	0.437810
04927	0.441922
04927	0.611434
04927	0.452460
04927	0.586044
04927	0.579038
04927	0.594458
04927	0.490255
04927	0.525924
04927	0.505762
04927	0.558546
04927	0.463805
04927	0.495406
04927	0.501503
04927	0.552947
04927	0.404713
04540	0.658252
04540	0.455396
04540	0.482978
04540	0.589556
04540	0.519034
04540	0.655511
04540	0.487826
04540	0.492060
04540	0.485521
04540	0.494964
04540	0.655583
04540	0.412482
04540	0.449198
04540	0.564610
04540	0.527232
04588	0.503104
04588	0.553452
04588	0.805716
04588	0.766476
04588	0.770136
04588	0.443757
04588	0.500303
04588	0.787682
04588	0.728515
04588	0.730873
04588	0.519627
04588	0.553580
04588	0.814611
04588	0.747482
04588	0.754736
04823	0.599717
04823	0.514484
04823	0.493898
04823	0.565567
04823	0.468242
04823	0.639882
04823	0.553127
04823	0.539619
04823	0.583296
04823	0.479302
04823	0.614769
04823	0.463917
04823	0.503633
04823	0.546411
04823	0.431254
04593	0.574112
04593	0.527987
04593	0.557552
04593	0.419862
04593	0.525327
04593	0.590008
04593	0.535705
04593	0.574840
04593	0.453913
04593	0.559009
04593	0.584165
04593	0.515588
04593	0.589426
04593	0.440870
04593	0.516294
04719	0.634942
04719	0.531357
04719	0.620320
04719	0.732384
04719	0.613970
04719	0.657391
04719	0.614732
04719	0.665693
04719	0.730969
04719	0.635472
04719	0.644606
04719	0.522411
04719	0.651360
04719	0.708733
04719	0.610222
