04853	0.555111
04853	0.384350
04853	0.595624
04853	0.525797
04853	0.376561
04853	0.558897
04853	0.427534
04853	0.556901
04853	0.518823
04853	0.408820
04853	0.635642
04853	0.403421
04853	0.598802
04853	0.507592
04853	0.353488
04633	0.535600
04633	0.561680
04633	0.672513
04633	0.636850
04633	0.532567
04633	0.473440
04633	0.508962
04633	0.636194
04633	0.549269
04633	0.451863
04633	0.505060
04633	0.524804
04633	0.645101
04633	0.652110
04633	0.482909
04838	0.639505
04838	0.558270
04838	0.610426
04838	0.495551
04838	0.539910
04838	0.640477
04838	0.631131
04838	0.598943
04838	0.607574
04838	0.595175
04838	0.680178
04838	0.655995
04838	0.554698
04838	0.617820
04838	0.473858
04265	0.661680
04265	0.654248
04265	0.590496
04265	0.620615
04265	0.712746
04265	0.720754
04265	0.492915
04265	0.462208
04265	0.614799
04265	0.605778
04265	0.554494
04265	0.551316
04734	0.330382
04734	0.550805
04734	0.568769
04734	0.453972
04734	0.538678
04734	0.345459
04734	0.615654
04734	0.494530
04734	0.653109
04734	0.562566
04734	0.308067
04734	0.523110
04734	0.366114
04734	0.550396
04734	0.447889
04573	0.552163
04573	0.548000
04573	0.477238
04573	0.517840
04573	0.515276
04573	0.365334
04573	0.475834
04573	0.482432
04573	0.406859
04846	0.772915
04846	0.488590
04846	0.729573
04846	0.675826
04846	0.505357
04846	0.719782
04846	0.541365
04846	0.691788
04846	0.586864
04846	0.445772
04846	0.730583
04846	0.544594
04846	0.730380
04846	0.618394
04846	0.430718
04866	0.496335
04866	0.532309
04866	0.510149
04866	0.542880
04866	0.463031
04866	0.475467
04866	0.502908
04866	0.448671
04866	0.511920
04866	0.520740
04866	0.499985
04866	0.506885
04395	0.626732
04395	0.691632
04395	0.522578
04395	0.652191
04395	0.598944
04395	0.640460
04395	0.383288
04395	0.521213
04395	0.620013
04395	0.679332
04395	0.443206
04395	0.599150
04898	0.512783
04898	0.588767
04898	0.360370
04898	0.465774
04898	0.676601
04898	0.659128
04898	0.603789
04898	0.595388
04898	0.639847
04898	0.652638
04898	0.564890
04898	0.594939
04779	0.357786
04779	0.395307
04779	0.410760
04779	0.474260
04779	0.413785
04779	0.429494
04779	0.471594
04779	0.468386
04779	0.405320
04779	0.436490
04779	0.479132
04779	0.485060
04589	0.720199
04589	0.725987
04589	0.490584
04589	0.607605
04589	0.460987
04589	0.714111
04589	0.707688
04589	0.476141
04589	0.548017
04589	0.526035
04589	0.711691
04589	0.719424
04589	0.479529
04589	0.569649
04589	0.473932
04382	0.700538
04382	0.747854
04382	0.679624
04382	0.818835
04382	0.774865
04382	0.711772
04382	0.653834
04382	0.707918
04382	0.639198
04382	0.616571
04382	0.647146
04382	0.640529
04382	0.707473
04382	0.580487
04382	0.515116
04397	0.685019
04397	0.681550
04397	0.565285
04397	0.587369
04397	0.421745
04397	0.695073
04397	0.711490
04397	0.526121
04397	0.533256
04397	0.517393
04397	0.672848
04397	0.686193
04397	0.512581
04397	0.582382
04397	0.446452
04890	0.337809
04890	0.377988
04890	0.389052
04890	0.373589
04890	0.440286
04890	0.409225
04890	0.424347
04890	0.456853
04890	0.457999
04890	0.479474
04890	0.417925
04890	0.463934
04890	0.437067
04890	0.460779
04890	0.480912
04505	0.569635
04505	0.565995
04505	0.574205
04505	0.610104
04505	0.571309
04505	0.778595
04505	0.586667
04505	0.635798
04505	0.646812
04505	0.729983
04505	0.605201
04505	0.566267
04505	0.595002
04505	0.481474
04505	0.522487
04787	0.474824
04787	0.490235
04787	0.375700
04787	0.320809
04787	0.339919
04787	0.481328
04787	0.453627
04787	0.424553
04787	0.314695
04787	0.364015
04787	0.364361
04787	0.377231
04787	0.457271
04787	0.325518
04787	0.465208
04530	0.633686
04530	0.671531
04530	0.644624
04530	0.550600
04530	0.518697
04530	0.630194
04530	0.680646
04530	0.642909
04530	0.509179
04530	0.464654
04530	0.594298
04530	0.660676
04530	0.620256
04530	0.467637
04530	0.476778
04444	0.530550
04444	0.497151
04444	0.421123
04444	0.543085
04444	0.470678
04444	0.512777
04444	0.457383
04444	0.361184
04444	0.565125
04444	0.465340
04444	0.516466
04444	0.475640
04444	0.318321
04444	0.491435
04444	0.441751
04470	0.640012
04470	0.730151
04470	0.625221
04470	0.667087
04470	0.697829
04470	0.594429
04470	0.707804
04470	0.570786
04470	0.603186
04470	0.661745
04470	0.638551
04470	0.687056
04470	0.591664
04470	0.643190
04470	0.655825
04482	0.520450
04482	0.603002
04482	0.580826
04482	0.563432
04482	0.628599
04482	0.513487
04482	0.591786
04482	0.582462
04482	0.572421
04482	0.671803
04482	0.527744
04482	0.482415
04482	0.500744
04482	0.522661
04482	0.666699
04451	0.787112
04451	0.506729
04451	0.620913
04451	0.768029
04451	0.556237
04451	0.622830
04451	0.765335
04451	0.577395
04451	0.614732
04857	0.541385
04857	0.590702
04857	0.414710
04857	0.524168
04857	0.623143
04857	0.677674
04857	0.398520
04857	0.639778
04857	0.544422
04857	0.608774
04857	0.315858
04857	0.536153
04436	0.529929
04436	0.632276
04436	0.521229
04436	0.506831
04436	0.642400
04436	0.534041
04436	0.633532
04436	0.525054
04436	0.508262
04436	0.601797
04436	0.513185
04436	0.605242
04436	0.524834
04436	0.505626
04436	0.611665
04811	0.503701
04811	0.537097
04811	0.554848
04811	0.486622
04811	0.308990
04811	0.513782
04811	0.574205
04811	0.578946
04811	0.417983
04811	0.291501
04811	0.480678
04811	0.556691
04811	0.575460
04811	0.431248
04811	0.341801
04689	0.571602
04689	0.611730
04689	0.613911
04689	0.607222
04689	0.670237
04689	0.595289
04689	0.673090
04689	0.670100
04689	0.593545
04689	0.708906
04689	0.549304
04689	0.614108
04689	0.617938
04689	0.572668
04689	0.680281
04800	0.686490
04800	0.747514
04800	0.548007
04495	0.475069
04495	0.588798
04495	0.482627
04495	0.582812
04495	0.392393
04495	0.480644
04495	0.597579
04495	0.459901
04495	0.601689
04495	0.471264
04495	0.508409
04495	0.616090
04495	0.509150
04495	0.652497
04495	0.468295
04473	0.724225
04473	0.604353
04473	0.656844
04473	0.665259
04473	0.626955
04473	0.651028
04473	0.510610
04473	0.573091
04473	0.580683
04473	0.511205
04473	0.640220
04473	0.620375
04473	0.573269
04473	0.596339
04473	0.497968
04437	0.465551
04437	0.472184
04437	0.601937
04437	0.531008
04437	0.102526
04437	0.491448
04437	0.464224
04437	0.631242
04437	0.554687
04437	0.155817
04691	0.413927
04691	0.500729
04691	0.454804
04691	0.442303
04691	0.523434
04691	0.438873
04691	0.436090
04691	0.529888
04691	0.450102
04282	0.167005
04282	0.308126
04282	0.141257
04282	0.199634
04282	0.277911
04282	0.124430
04744	0.339423
04744	0.329685
04744	0.364144
04744	0.307148
04744	0.377885
04744	0.284573
04744	0.396245
04744	0.336428
04744	0.352774
04744	0.386678
04744	0.315549
04744	0.385959
04744	0.355774
04744	0.367997
04744	0.429412
04418	0.498390
04418	0.523783
04418	0.551578
04418	0.517737
04418	0.445947
04418	0.482284
04418	0.465634
04418	0.448803
04418	0.550341
04418	0.575185
04418	0.624995
04418	0.591166
04708	0.474265
04708	0.491871
04708	0.479214
04708	0.458224
04708	0.460796
04708	0.472689
04708	0.496983
04708	0.489090
04708	0.479424
04708	0.468855
04708	0.457190
04708	0.455287
04708	0.513481
04708	0.485423
04708	0.450770
04754	0.367544
04754	0.450061
04754	0.599053
04754	0.380412
04754	0.625366
04687	0.687007
04687	0.542237
04687	0.579103
04687	0.615832
04687	0.512097
04687	0.544268
04833	0.461506
04833	0.450773
04833	0.481747
04833	0.416328
04833	0.426768
04833	0.393853
04833	0.391577
04833	0.391750
04833	0.362211
04833	0.399672
04833	0.469788
04833	0.496507
04833	0.498430
04833	0.479587
04833	0.515002
04481	0.558805
04481	0.621430
04481	0.525342
04481	0.628504
04481	0.563685
04481	0.574231
04481	0.584815
04481	0.561314
04481	0.570888
04481	0.544769
04481	0.483585
04481	0.628257
04481	0.500972
04481	0.570443
04481	0.516530
04670	0.728989
04670	0.677232
04670	0.663603
04670	0.456179
04670	0.441375
04670	0.693448
04670	0.627736
04670	0.605767
04670	0.448404
04670	0.313395
04670	0.742214
04670	0.664805
04670	0.669185
04670	0.438527
04670	0.489303
04553	0.501300
04553	0.599677
04553	0.495685
04553	0.552932
04553	0.609457
04553	0.470078
04553	0.567438
04553	0.615829
04553	0.542764
04504	0.589562
04504	0.543185
04504	0.312532
04511	0.545631
04511	0.523428
04511	0.536742
04511	0.464921
04511	0.477486
04511	0.532481
04511	0.492817
04511	0.472017
04511	0.434536
04511	0.506293
04511	0.514495
04511	0.459830
04511	0.431481
04511	0.443445
04511	0.532685
04425	0.253699
04425	0.228529
04425	0.357531
04425	0.303756
04425	0.278658
04425	0.357138
04425	0.251644
04425	0.273493
04425	0.305904
04784	0.810919
04784	0.753843
04784	0.734488
04784	0.736774
04784	0.791540
04784	0.845776
04784	0.790571
04784	0.781078
04784	0.765341
04784	0.816289
04784	0.806556
04784	0.731278
04784	0.707741
04784	0.695584
04784	0.751422
04697	0.526126
04697	0.416740
04697	0.389543
04697	0.535548
04697	0.693154
04697	0.483599
04697	0.507079
04697	0.706405
04697	0.565646
04697	0.315648
04697	0.358013
04697	0.520278
04430	0.578081
04430	0.503097
04430	0.522176
04430	0.473308
04430	0.366155
04430	0.538736
04430	0.513632
04430	0.546133
04430	0.512449
04430	0.405807
04430	0.558352
04430	0.514836
04430	0.565260
04430	0.481290
04430	0.359505
04535	0.297742
04535	0.395253
04535	0.410105
04535	0.460815
04535	0.563579
04535	0.548404
04535	0.419321
04535	0.550370
04535	0.550285
04273	0.804793
04273	0.734787
04273	0.808205
04273	0.628191
04273	0.625445
04273	0.806201
04273	0.724755
04273	0.710408
04273	0.492285
04273	0.528236
04273	0.836232
04273	0.740430
04273	0.679949
04273	0.499502
04273	0.497113
04381	0.816700
04381	0.850402
04381	0.835229
04381	0.718319
04381	0.808828
04381	0.794714
04381	0.745053
04381	0.837689
04381	0.816089
04472	0.513231
04472	0.517815
04472	0.557087
04472	0.607827
04472	0.583778
04472	0.531760
04472	0.478024
04472	0.495648
04472	0.540350
04472	0.553344
04472	0.619797
04472	0.535620
04472	0.614476
04472	0.535135
04472	0.556924
04539	0.613949
04539	0.661604
04539	0.742559
04539	0.663975
04539	0.714761
04539	0.536879
04539	0.625232
04539	0.662450
04539	0.649097
04539	0.664619
04539	0.699687
04539	0.614243
04539	0.665307
04539	0.676550
04539	0.701062
04673	0.810064
04673	0.668274
04673	0.624085
04673	0.569078
04673	0.677234
04673	0.790761
04673	0.623786
04673	0.496909
04673	0.468830
04673	0.686667
04673	0.829031
04673	0.701864
04673	0.636379
04673	0.573705
04673	0.709329
04772	0.518955
04772	0.585377
04772	0.563803
04772	0.428602
04772	0.476378
04772	0.446067
04772	0.523621
04772	0.506879
04772	0.305510
04772	0.405560
04772	0.513913
04772	0.533227
04772	0.540167
04772	0.367451
04772	0.395766
04927	0.410586
04927	0.420173
04927	0.638916
04927	0.448069
04927	0.557278
04927	0.536491
04927	0.647555
04927	0.501154
04927	0.496232
04927	0.486543
04927	0.618772
04927	0.468602
04927	0.486142
04927	0.490594
04927	0.621570
04927	0.453869
04887	0.350504
04887	0.459803
04887	0.360284
04887	0.448720
04887	0.410766
04887	0.585440
04887	0.412233
04887	0.507153
04887	0.357341
04887	0.539602
04887	0.337847
04887	0.492141
04790	0.575301
04790	0.577690
04790	0.517480
04790	0.466390
04790	0.584352
04790	0.564336
04790	0.583924
04790	0.523569
04790	0.541145
04790	0.565461
04790	0.638680
04790	0.618448
04790	0.593802
04790	0.569005
04790	0.652396
04417	0.541281
04417	0.600276
04417	0.487223
04417	0.576173
04417	0.515773
04417	0.431305
04417	0.479584
04417	0.476579
04417	0.499722
04394	0.935036
04394	0.586113
04394	0.525076
04394	0.926512
04394	0.546043
04394	0.495045
04394	0.938211
04394	0.545958
04394	0.506623
04650	0.688070
04650	0.650866
04650	0.573469
04650	0.545027
04650	0.473299
04650	0.774085
04650	0.731043
04650	0.649730
04650	0.624538
04650	0.548868
04650	0.703456
04650	0.654079
04650	0.673361
04650	0.600532
04650	0.540230
04221	0.520438
04221	0.592841
04221	0.557758
04221	0.410056
04221	0.486881
04221	0.549018
04221	0.595387
04221	0.570339
04221	0.466098
04221	0.525471
04221	0.509019
04221	0.569530
04221	0.555598
04221	0.416503
04221	0.498217
04507	0.748948
04507	0.536289
04507	0.570512
04507	0.659784
04507	0.494323
04507	0.524013
04507	0.603032
04507	0.603905
04507	0.553565
04765	0.491511
04765	0.667880
04765	0.498811
04765	0.631539
04765	0.531640
04765	0.541836
04765	0.502476
04765	0.485654
04765	0.641687
04765	0.568007
04765	0.544797
04765	0.645257
04765	0.418757
04765	0.535298
04765	0.534434
04309	0.406206
04309	0.408902
04309	0.381260
04309	0.357022
04309	0.389463
04309	0.422591
04309	0.443236
04309	0.416101
04309	0.392972
04309	0.412950
04309	0.395425
04309	0.440116
04309	0.424540
04309	0.442320
04309	0.397315
04786	0.427172
04786	0.426909
04786	0.403347
04786	0.427516
04786	0.421803
04786	0.476490
04786	0.379939
04786	0.442991
04786	0.466381
04786	0.442440
04786	0.516458
04786	0.379647
04786	0.432500
04786	0.431022
04786	0.387053
04749	0.771566
04749	0.607364
04749	0.693692
04749	0.579900
04749	0.556030
04749	0.741988
04749	0.551126
04749	0.661478
04749	0.554381
04749	0.511866
04749	0.695069
04749	0.513824
04749	0.610350
04749	0.538517
04749	0.489684
04746	0.407150
04746	0.307162
04746	0.527358
04746	0.347797
04746	0.488787
04746	0.297342
04746	0.292035
04746	0.508098
04746	0.344969
04746	0.456423
04746	0.365270
04746	0.315109
04746	0.498430
04746	0.339151
04746	0.467810
04322	0.564282
04322	0.533695
04322	0.543773
04322	0.491405
04322	0.459958
04322	0.437921
04322	0.528564
04322	0.507232
04322	0.490414
04322	0.466569
04322	0.534119
04322	0.460319
04361	0.609074
04361	0.472321
04361	0.624644
04361	0.705321
04361	0.703914
04361	0.567584
04361	0.685087
04361	0.586744
04361	0.675332
04361	0.503190
04361	0.635559
04361	0.578432
04886	0.206806
04886	0.186735
04886	0.350314
04337	0.636947
04337	0.586225
04337	0.597984
04337	0.578851
04337	0.702779
04337	0.699109
04337	0.528523
04337	0.692492
04337	0.670138
04907	0.431677
04907	0.471077
04907	0.505915
04907	0.528432
04907	0.453892
04907	0.475192
04907	0.525731
04907	0.538848
04907	0.525103
04907	0.498675
04907	0.473847
04907	0.488628
04907	0.516770
04907	0.526396
04907	0.526917
04907	0.525097
04907	0.519770
04907	0.563827
04907	0.605822
04907	0.526519
04587	0.575279
04587	0.545237
04587	0.610489
04587	0.625018
04587	0.671870
04587	0.435356
04587	0.575548
04587	0.607915
04587	0.459699
04587	0.492577
04587	0.440628
04587	0.527732
04587	0.636995
04587	0.469007
04587	0.538837
04201	0.704884
04201	0.597170
04201	0.684190
04201	0.648232
04201	0.636996
04201	0.687165
04201	0.578669
04201	0.637421
04201	0.566783
04201	0.527434
04201	0.709843
04201	0.582352
04201	0.690092
04201	0.641946
04201	0.591167
04427	0.604730
04427	0.632526
04427	0.648784
04427	0.458157
04427	0.527079
04427	0.593911
04427	0.628737
04427	0.658745
04427	0.422823
04427	0.530075
04427	0.546528
04427	0.598546
04427	0.630588
04427	0.405724
04427	0.507900
04782	0.580291
04782	0.581972
04782	0.604959
04782	0.566739
02463	0.724432
02463	0.589576
02463	0.448217
02463	0.428958
02463	0.693701
02463	0.762306
02463	0.590228
02463	0.518872
02463	0.451960
02463	0.696622
02463	0.760741
02463	0.601295
02463	0.568416
02463	0.470367
02463	0.649539
04758	0.366735
04758	0.448201
04758	0.393332
04758	0.440041
04758	0.417488
04758	0.351463
04758	0.374266
04758	0.370834
04758	0.397966
04758	0.416978
04758	0.345124
04758	0.437175
04758	0.383463
04758	0.384527
04758	0.448148
04577	0.551491
04577	0.569866
04577	0.381363
04577	0.590841
04577	0.657794
04577	0.485454
04577	0.583810
04577	0.608808
04577	0.501669
04387	0.547646
04387	0.516328
04387	0.493777
04387	0.518172
04387	0.479438
04387	0.448781
04387	0.523236
04387	0.450993
04387	0.481691
04387	0.413551
04387	0.480893
04387	0.501947
04387	0.402323
04387	0.432997
04387	0.433336
04471	0.508357
04471	0.528709
04471	0.564133
04471	0.522031
04471	0.535638
04471	0.594464
04471	0.594328
04471	0.626123
04471	0.641170
04471	0.539526
04471	0.505615
04471	0.520914
04471	0.553688
04471	0.515053
04471	0.541181
04821	0.497582
04821	0.450956
04821	0.662318
04821	0.601212
04821	0.464822
04821	0.526310
04821	0.480233
04821	0.705129
04821	0.658516
04821	0.483336
04821	0.697517
04821	0.666396
04821	0.742868
04821	0.727302
04821	0.588864
04522	0.422443
04522	0.519062
04522	0.465449
04522	0.406001
04522	0.476773
04522	0.558868
04522	0.608138
04522	0.590673
04522	0.512566
04522	0.596788
04522	0.530715
04522	0.618487
04522	0.538094
04522	0.435713
04522	0.503729
04726	0.393267
04726	0.571022
04726	0.510893
04726	0.457909
04726	0.389289
04726	0.397022
04726	0.558091
04726	0.467311
04726	0.405965
04726	0.338826
04726	0.410676
04726	0.579557
04726	0.477627
04726	0.415125
04726	0.379312
04832	0.583627
04832	0.323679
04832	0.382133
04832	0.343888
04832	0.581739
04832	0.583294
04832	0.538932
04832	0.555250
04832	0.609850
04832	0.600023
04832	0.623328
04832	0.401713
04832	0.389828
04832	0.434148
04832	0.624269
04312	0.577053
04312	0.377420
04312	0.488177
04312	0.661222
04312	0.412385
04312	0.574306
04312	0.511928
04312	0.250397
04312	0.419860
04766	0.585549
04766	0.652167
04766	0.632680
04777	0.540702
04777	0.553534
04777	0.433019
04777	0.433262
04777	0.467064
04777	0.647456
04777	0.660692
04777	0.431996
04777	0.504455
04777	0.593691
04777	0.614137
04777	0.604807
04777	0.431684
04777	0.494393
04777	0.581227
04368	0.757908
04368	0.763151
04368	0.753656
04368	0.805082
04368	0.803720
04368	0.805900
04368	0.767294
04368	0.769289
04368	0.773634
04814	0.667438
04814	0.497691
04814	0.379851
04814	0.455213
04814	0.713058
04814	0.622528
04814	0.497244
04814	0.524493
04814	0.576406
04814	0.501841
04814	0.420697
04814	0.438221
04632	0.562331
04632	0.457360
04632	0.551865
04632	0.727651
04632	0.732073
04632	0.544436
04632	0.523715
04632	0.494117
04632	0.719632
04632	0.749021
04632	0.601325
04632	0.503407
04632	0.514092
04632	0.795032
04632	0.733932
04320	0.668717
04320	0.565879
04320	0.532904
04320	0.661169
04320	0.665209
04320	0.607154
04320	0.574971
04320	0.667408
04320	0.662064
04320	0.631659
04320	0.530300
04320	0.662355
04889	0.531803
04889	0.555263
04889	0.458641
04889	0.467279
04889	0.538743
04889	0.431579
04889	0.443749
04889	0.503037
04889	0.387981
04344	0.591922
04344	0.489930
04344	0.446667
04344	0.651247
04344	0.514734
04344	0.619825
04344	0.636968
04344	0.489659
04344	0.440075
04410	0.409267
04410	0.443798
04410	0.657743
04410	0.418508
04410	0.452554
04410	0.644167
04410	0.388733
04410	0.481069
04410	0.653277
04446	0.540433
04446	0.507218
04446	0.546006
04446	0.464188
04446	0.477830
04446	0.612365
04446	0.582923
04446	0.615750
04446	0.582399
04446	0.563419
04446	0.650535
04446	0.561331
04446	0.534985
04446	0.530879
04446	0.484469
04656	0.306842
04656	0.321996
04656	0.290675
04656	0.291879
04656	0.316305
04656	0.348080
04656	0.379794
04656	0.384651
04656	0.386713
04656	0.414563
04656	0.382617
04656	0.401217
04856	0.548814
04856	0.413379
04856	0.576680
04856	0.400083
04856	0.442603
04856	0.466401
04856	0.500111
04856	0.549062
04856	0.532805
04856	0.477585
04856	0.501717
04856	0.466936
04856	0.531909
04856	0.412716
04856	0.377657
04702	0.671137
04702	0.586086
04702	0.689132
04702	0.609549
04702	0.607887
04702	0.716714
04702	0.521695
04702	0.695710
04702	0.453121
04702	0.467287
04702	0.731063
04702	0.602373
04702	0.695801
04702	0.459417
04702	0.486018
04922	0.389993
04922	0.576130
04922	0.661180
04922	0.372003
04922	0.520524
04922	0.637941
04922	0.372734
04922	0.486449
04922	0.651467
04922	0.421551
04922	0.441446
04922	0.602099
04731	0.715257
04731	0.603939
04731	0.497456
04731	0.704745
04731	0.669846
04731	0.670677
04731	0.557582
04731	0.365589
04731	0.609626
04731	0.613007
04731	0.667015
04731	0.596204
04731	0.484942
04731	0.645651
04731	0.555114
04628	0.644706
04628	0.573497
04628	0.441235
04628	0.670342
04628	0.729675
04628	0.689100
04628	0.610240
04628	0.500449
04628	0.703934
04628	0.759828
04628	0.688332
04628	0.600937
04628	0.533962
04628	0.673819
04628	0.745509
04212	0.714021
04212	0.808750
04212	0.809006
04212	0.802217
04212	0.751759
04212	0.807393
04212	0.749820
04212	0.738815
04212	0.658358
04212	0.726938
04212	0.738618
04212	0.753559
04386	0.699202
04386	0.739112
04386	0.584618
04386	0.683174
04386	0.684608
04386	0.655910
04386	0.545121
04386	0.633201
04386	0.623069
04386	0.630841
04386	0.519054
04386	0.589232
04404	0.498575
04404	0.540800
04404	0.521760
04404	0.501828
04404	0.531493
04404	0.566852
04404	0.551928
04404	0.448909
04404	0.543375
04404	0.482724
04404	0.473841
04404	0.469105
04350	0.493775
04350	0.518280
04350	0.305386
04350	0.519909
04350	0.540993
04350	0.574918
04350	0.377532
04350	0.566439
04350	0.479534
04350	0.516722
04350	0.347963
04350	0.513997
04585	0.822905
04585	0.859800
04585	0.726456
04585	0.824886
04585	0.834458
04585	0.801353
04585	0.790500
04585	0.691461
04585	0.798892
04585	0.805527
04585	0.772393
04585	0.758695
04585	0.699852
04585	0.747126
04585	0.765476
04529	0.540492
04529	0.526590
04529	0.591330
04683	0.648608
04683	0.506937
04683	0.277729
04683	0.380384
04683	0.732096
04683	0.560174
04683	0.367759
04683	0.508075
04683	0.659026
04683	0.544425
04683	0.366783
04683	0.485722
04936	0.543098
04936	0.672032
04936	0.733714
04936	0.563663
04936	0.536849
04936	0.562046
04936	0.696828
04936	0.748826
04936	0.602897
04936	0.588282
04936	0.534295
04936	0.674949
04936	0.739691
04936	0.565656
04936	0.549637
04936	0.577749
04936	0.705334
04936	0.774313
04936	0.622467
04936	0.593475
04508	0.417318
04508	0.452093
04508	0.418239
04508	0.445219
04508	0.473800
04508	0.527526
04508	0.562170
04508	0.533945
04508	0.571116
04508	0.476425
04508	0.509740
04508	0.481148
04508	0.510271
04508	0.505675
04508	0.480715
04514	0.587316
04514	0.795293
04514	0.553559
04514	0.691867
04514	0.630348
04514	0.661919
04514	0.832377
04514	0.534494
04514	0.655634
04514	0.666814
04514	0.587307
04514	0.778844
04514	0.533335
04514	0.597087
04514	0.602131
04824	0.091060
04824	0.105393
04824	0.380568
04824	0.140966
04824	0.192240
04824	0.371442
04580	0.484951
04580	0.443570
04580	0.336936
04580	0.459183
04580	0.512155
04580	0.550358
04580	0.409086
04580	0.402050
04580	0.479730
04580	0.547405
04580	0.538299
04580	0.456662
04580	0.431696
04580	0.508604
04580	0.542511
04676	0.570840
04676	0.606854
04676	0.558398
04676	0.566173
04676	0.604646
04676	0.569081
04676	0.653667
04676	0.679008
04676	0.623894
04928	0.899127
04928	0.879158
04928	0.686570
04928	0.671196
04928	0.577795
04928	0.875802
04928	0.870974
04928	0.678345
04928	0.643823
04928	0.504244
04928	0.869356
04928	0.869903
04928	0.610242
04928	0.685740
04928	0.507271
04928	0.842695
04928	0.843871
04928	0.644355
04928	0.657841
04928	0.426387
04370	0.802625
04370	0.741198
04370	0.760283
04370	0.762113
04370	0.786511
04370	0.770280
04370	0.666712
04370	0.757996
04370	0.615758
04370	0.661958
04370	0.782016
04370	0.763768
04370	0.753140
04370	0.725477
04370	0.745293
04502	0.611568
04502	0.681330
04502	0.832717
04502	0.804138
04502	0.575706
04502	0.631783
04502	0.789426
04502	0.759819
04502	0.580938
04502	0.647735
04502	0.779844
04502	0.760704
04531	0.541233
04531	0.609766
04531	0.429690
04531	0.544998
04531	0.536130
04531	0.497963
04531	0.522911
04531	0.472970
04531	0.473792
04531	0.466465
04531	0.548855
04531	0.588589
04531	0.438933
04531	0.476648
04531	0.526441
04705	0.692308
04705	0.559126
04705	0.540776
04705	0.648793
04705	0.758322
04705	0.564271
04705	0.539443
04705	0.707706
04705	0.757604
04705	0.643146
04705	0.484106
04705	0.657015
04764	0.596687
04764	0.580819
04764	0.522250
04764	0.547945
04764	0.685597
04764	0.657693
04764	0.626275
04764	0.657318
04764	0.597867
04764	0.567637
04764	0.509921
04764	0.523306
04311	0.804377
04311	0.779751
04311	0.778843
04311	0.712008
04311	0.741255
04311	0.765834
04311	0.799548
04311	0.733786
04311	0.653648
04311	0.767888
04311	0.785238
04311	0.741643
04311	0.752232
04311	0.702921
04311	0.740943
04719	0.641565
04719	0.516432
04719	0.626764
04719	0.664281
04719	0.630150
04719	0.682420
04719	0.623238
04719	0.652831
04719	0.687434
04719	0.672045
04719	0.649189
04719	0.536632
04719	0.628186
04719	0.650265
04719	0.599063
04774	0.587085
04774	0.469181
04774	0.451935
04774	0.606291
04774	0.533451
04774	0.489171
04774	0.519368
04774	0.457163
04774	0.425156
04750	0.611971
04750	0.474447
04750	0.630696
04750	0.426890
04750	0.524273
04750	0.719572
04750	0.492115
04750	0.722808
04750	0.520605
04750	0.577133
04750	0.708235
04750	0.462858
04750	0.699311
04750	0.512644
04750	0.570696
04537	0.490343
04537	0.586267
04537	0.590280
04537	0.522612
04537	0.373290
04537	0.432272
04537	0.513236
04537	0.565433
04537	0.411798
04537	0.254738
04537	0.536189
04537	0.573081
04537	0.621444
04537	0.507362
04537	0.358493
04893	0.669204
04893	0.681000
04893	0.755938
04893	0.733593
04893	0.733480
04893	0.631014
04893	0.637915
04893	0.740596
04893	0.730428
04893	0.715282
04893	0.682865
04893	0.688267
04893	0.777758
04893	0.746537
04893	0.739894
04629	0.510034
04629	0.487285
04629	0.493225
04629	0.529955
04629	0.526748
04629	0.535935
04629	0.485219
04629	0.513022
04629	0.518014
04629	0.522272
04629	0.473101
04629	0.426505
04629	0.441734
04629	0.450807
04629	0.516312
04840	0.467576
04840	0.456088
04840	0.523608
04840	0.460639
04840	0.492553
04840	0.367026
04840	0.540026
04840	0.594996
04840	0.481092
04830	0.551195
04830	0.495180
04830	0.523538
04830	0.697871
04830	0.615900
04830	0.557767
04830	0.540269
04830	0.685042
04830	0.664080
04830	0.598279
04830	0.579258
04830	0.744317
04914	0.594569
04914	0.513483
04914	0.539128
04914	0.590935
04914	0.625133
04914	0.607707
04914	0.536565
04914	0.574753
04914	0.613742
04914	0.654356
04914	0.571460
04914	0.494217
04914	0.516727
04914	0.588163
04914	0.611890
04914	0.587587
04914	0.497576
04914	0.556866
04914	0.585582
04914	0.630189
04615	0.729799
04615	0.684820
04615	0.617093
04615	0.652133
04615	0.546366
04615	0.657929
04615	0.605990
04615	0.542057
04615	0.562189
04615	0.533135
04615	0.827681
04615	0.797852
04615	0.733187
04615	0.799506
04615	0.632973
04600	0.466357
04600	0.691850
04600	0.642694
04600	0.570923
04600	0.652387
04600	0.380404
04600	0.685042
04600	0.605723
04600	0.564947
04600	0.617985
04600	0.435895
04600	0.630727
04600	0.576725
04600	0.506690
04600	0.613894
04868	0.590646
04868	0.367802
04868	0.432315
04868	0.538415
04868	0.550222
04868	0.387286
04868	0.420549
04868	0.565333
04868	0.541823
04868	0.390114
04868	0.423374
04868	0.546231
04388	0.822405
04388	0.454075
04388	0.588196
04388	0.694390
04388	0.764825
04388	0.816424
04388	0.447238
04388	0.556944
04388	0.652503
04388	0.715034
04388	0.749914
04388	0.533999
04388	0.507085
04388	0.615058
04388	0.730667
04903	0.419433
04903	0.447093
04903	0.500189
04903	0.229580
04903	0.330898
04903	0.467723
04903	0.480213
04903	0.479324
04903	0.251418
04903	0.366708
04903	0.410436
04903	0.465820
04903	0.457750
04903	0.299592
04903	0.377169
04641	0.825752
04641	0.565512
04641	0.708518
04641	0.622097
04641	0.622551
04641	0.798298
04641	0.529783
04641	0.666083
04641	0.626231
04641	0.539896
04641	0.818857
04641	0.572082
04641	0.673268
04641	0.571608
04641	0.568927
04789	0.151137
04789	0.382151
04789	0.482652
04789	0.237310
04789	0.440156
04789	0.513860
04789	0.243141
04789	0.456211
04789	0.518607
04288	0.534951
04288	0.615838
04288	0.467838
04288	0.647950
04288	0.557666
04288	0.561499
04288	0.448161
04288	0.656769
04288	0.596811
04288	0.652694
04288	0.517984
04288	0.685066
04918	0.568329
04918	0.406680
04918	0.559394
04918	0.633172
04918	0.467253
04918	0.590742
04918	0.555709
04918	0.458645
04918	0.471262
04918	0.555388
04918	0.456649
04918	0.420512
04343	0.701960
04343	0.743191
04343	0.807956
04343	0.792425
04343	0.754574
04343	0.673090
04343	0.747401
04343	0.745314
04343	0.720071
04343	0.654912
04343	0.687871
04343	0.756749
04343	0.763074
04343	0.731689
04343	0.704851
04933	0.507003
04933	0.537450
04933	0.451944
04933	0.482725
04933	0.453127
04933	0.352950
04933	0.437143
04933	0.476859
04933	0.394388
04933	0.545330
04933	0.459260
04933	0.414129
04878	0.326006
04878	0.601272
04878	0.493978
04878	0.320995
04878	0.702511
04878	0.526441
04878	0.624943
04878	0.565394
04878	0.481024
04878	0.644074
04878	0.426177
04878	0.552100
04878	0.529498
04878	0.468727
04878	0.653202
04442	0.401213
04442	0.510632
04442	0.412921
04442	0.647616
04442	0.626296
04442	0.370058
04442	0.461295
04442	0.416161
04442	0.641711
04442	0.598313
04442	0.409467
04442	0.478936
04442	0.417585
04442	0.639993
04442	0.600025
04485	0.745384
04485	0.711471
04485	0.644589
04485	0.594108
04485	0.768280
04485	0.755770
04485	0.719087
04485	0.709724
04485	0.667106
04485	0.727359
04485	0.742887
04485	0.720150
04485	0.624504
04485	0.555414
04485	0.821637
04449	0.451590
04449	0.302005
04449	0.286987
04449	0.396458
04449	0.375040
04449	0.529289
04449	0.360379
04449	0.364985
04449	0.410132
04449	0.487148
04449	0.525512
04449	0.265746
04449	0.299611
04449	0.459114
04449	0.393717
04548	0.707017
04548	0.708172
04548	0.686537
04548	0.697203
04548	0.693151
04548	0.711593
04548	0.673037
04548	0.675709
04548	0.706845
04380	0.331858
04380	0.274472
04380	0.644120
04380	0.644450
04380	0.538453
04380	0.385668
04380	0.365753
04380	0.607696
04380	0.618440
04380	0.557229
04380	0.386938
04380	0.332582
04380	0.644475
04380	0.643499
04380	0.507319
04202	0.679719
04202	0.721056
04202	0.676050
04202	0.498948
04202	0.606293
04202	0.574557
04202	0.619284
04202	0.553079
04202	0.373578
04202	0.529869
04202	0.573833
04202	0.641938
04202	0.560477
04202	0.349871
04202	0.516373
04379	0.456086
04379	0.629487
04379	0.393937
04379	0.608954
04379	0.604986
04379	0.514023
04379	0.640490
04379	0.533264
04379	0.683423
04379	0.696020
04379	0.589872
04379	0.702268
04379	0.585411
04379	0.715952
04379	0.765326
04428	0.533347
04428	0.563308
04428	0.339148
04428	0.370533
04428	0.438256
04428	0.518414
04428	0.520411
04428	0.361385
04428	0.394991
04428	0.444032
04428	0.538608
04428	0.574909
04428	0.344755
04428	0.405008
04428	0.448326
04568	0.483252
04568	0.545165
04568	0.577763
04568	0.613993
04568	0.659546
04568	0.548111
04568	0.578431
04568	0.604548
04568	0.659475
04568	0.674420
04568	0.640684
04568	0.689520
04568	0.691794
04568	0.706333
04568	0.736982
04334	0.433849
04334	0.456258
04334	0.425652
04334	0.388513
04334	0.323606
04334	0.474448
04334	0.523890
04334	0.427539
04334	0.463486
04334	0.388087
04334	0.458585
04334	0.483499
04334	0.398147
04334	0.448139
04334	0.346829
04644	0.727395
04644	0.642436
04644	0.621226
04644	0.735360
04644	0.730909
04644	0.695054
04644	0.564718
04644	0.772071
04644	0.724537
04644	0.649415
04644	0.573904
04644	0.724210
04579	0.396024
04579	0.528648
04579	0.593025
04579	0.621928
04579	0.583020
04579	0.407773
04579	0.519989
04579	0.562538
04579	0.553939
04579	0.546249
04579	0.497986
04579	0.539267
04579	0.590380
04579	0.589261
04579	0.574218
04785	0.720436
04785	0.556834
04785	0.740944
04785	0.669175
04785	0.691630
04785	0.698887
04785	0.490584
04785	0.719154
04785	0.658334
04785	0.657743
04785	0.676338
04785	0.507073
04785	0.679515
04785	0.629371
04785	0.635098
04849	0.404901
04849	0.448051
04849	0.281079
04849	0.333324
04849	0.414947
04849	0.483481
04849	0.359327
04849	0.428320
04849	0.430590
04849	0.501703
04849	0.332332
04849	0.417713
04222	0.447929
04222	0.683442
04222	0.573291
04222	0.670451
04222	0.634506
04222	0.498700
04222	0.633430
04222	0.521050
04222	0.688219
04222	0.617183
04222	0.573675
04222	0.710282
04222	0.642286
04222	0.764095
04222	0.711903
04717	0.531758
04717	0.742952
04717	0.683466
04717	0.602252
04717	0.632397
04717	0.602087
04717	0.541964
04717	0.573172
04717	0.566663
04720	0.456212
04720	0.551383
04720	0.432567
04720	0.557765
04720	0.509129
04720	0.422244
04720	0.532947
04720	0.430965
04720	0.541047
04720	0.499038
04720	0.395189
04720	0.506024
04720	0.475427
04720	0.513327
04720	0.505010
04606	0.651802
04606	0.740855
04606	0.482624
04606	0.486130
04606	0.679664
04606	0.710051
04606	0.472097
04606	0.518797
04606	0.587891
04606	0.633776
04606	0.529590
04606	0.624383
04822	0.371748
04822	0.467551
04822	0.455871
04822	0.402788
04822	0.528483
04822	0.356126
04822	0.421226
04822	0.385318
04822	0.420322
04822	0.472444
04822	0.384102
04822	0.456845
04822	0.443178
04822	0.409851
04822	0.576530
04929	0.541656
04929	0.487182
04929	0.485520
04929	0.484939
04929	0.610625
04929	0.536670
04929	0.508753
04929	0.537703
04929	0.616750
04929	0.523129
04929	0.497848
04929	0.524149
04929	0.559600
04929	0.501796
04929	0.500071
04929	0.486121
04429	0.555090
04429	0.465685
04429	0.320317
04429	0.662570
04429	0.586799
04429	0.438892
04429	0.586998
04429	0.533487
04429	0.348018
04854	0.598104
04854	0.725135
04854	0.615250
04854	0.633969
04854	0.604512
04854	0.754397
04854	0.588613
04854	0.626055
04854	0.561290
04854	0.671829
04854	0.546346
04854	0.541051
04780	0.435377
04780	0.524234
04780	0.509870
04780	0.463337
04780	0.569434
04780	0.487036
04780	0.502138
04780	0.578017
04780	0.516397
04780	0.499870
04780	0.562521
04780	0.566117
04780	0.619071
04780	0.623430
04780	0.494584
04869	0.609247
04869	0.546773
04869	0.613678
04869	0.528657
04869	0.479820
04869	0.616467
04869	0.524786
04869	0.573135
04869	0.510754
04869	0.465319
04869	0.599116
04869	0.499406
04869	0.569076
04869	0.529865
04869	0.472507
04261	0.497091
04261	0.411387
04261	0.393452
04261	0.482573
04261	0.521119
04261	0.418206
04261	0.390692
04261	0.508976
04261	0.476729
04261	0.420767
04261	0.371079
04261	0.489618
04286	0.650233
04286	0.663382
04286	0.712880
04286	0.714085
04286	0.718358
04286	0.705992
04286	0.705111
04286	0.716320
04286	0.712203
04286	0.696931
04286	0.675184
04286	0.715346
04286	0.752012
04286	0.761188
04286	0.737835
04768	0.696711
04768	0.644576
04768	0.653333
04768	0.750079
04768	0.801780
04768	0.657812
04768	0.623929
04768	0.612130
04768	0.700654
04768	0.774347
04768	0.647297
04768	0.639216
04768	0.591667
04768	0.682773
04768	0.742404
04460	0.652329
04460	0.624722
04460	0.631582
04460	0.601088
04460	0.681113
04460	0.784151
04460	0.630080
04460	0.659942
04460	0.665081
04460	0.760498
04460	0.641697
04460	0.662082
04460	0.657429
04460	0.639639
04460	0.696302
04610	0.668764
04610	0.713759
04610	0.745461
04610	0.699252
04610	0.686316
04610	0.722499
04610	0.696434
04610	0.726399
04610	0.731568
04921	0.634147
04921	0.662536
04921	0.822340
04921	0.727049
04921	0.718332
04921	0.757026
04921	0.817435
04921	0.764790
04921	0.685700
04921	0.740847
04921	0.811026
04921	0.686029
04921	0.747180
04921	0.806115
04921	0.803516
04921	0.736824
04542	0.708595
04542	0.616989
04542	0.680363
04542	0.725095
04542	0.701223
04542	0.679932
04542	0.580059
04542	0.691559
04542	0.642676
04542	0.667743
04542	0.705009
04542	0.593371
04542	0.757825
04542	0.618542
04542	0.652520
04688	0.704232
04688	0.663832
04688	0.578477
04688	0.647031
04688	0.546685
04688	0.782598
04688	0.784697
04688	0.724343
04688	0.779123
04688	0.655181
04319	0.563384
04319	0.456011
04319	0.583543
04319	0.665958
04319	0.711170
04319	0.511251
04319	0.406924
04319	0.490640
04319	0.624587
04319	0.622643
04319	0.605913
04319	0.503635
04319	0.587327
04319	0.582669
04319	0.738580
04645	0.480182
04645	0.298129
04645	0.353736
04645	0.315549
04645	0.331793
04645	0.488840
04645	0.448706
04645	0.493773
04645	0.383833
04645	0.470412
04645	0.506686
04645	0.439649
04645	0.494926
04645	0.457159
04645	0.476229
04778	0.681115
04778	0.782891
04778	0.752385
04778	0.814607
04778	0.522723
04778	0.607565
04778	0.672063
04778	0.622745
04778	0.699542
04778	0.393964
04778	0.700411
04778	0.771880
04778	0.734683
04778	0.808566
04778	0.454203
04558	0.602002
04558	0.554568
04558	0.548938
04558	0.537054
04558	0.525243
04558	0.388475
04558	0.633506
04558	0.676757
04558	0.660160
04558	0.649118
04558	0.662407
04558	0.483643
04558	0.481017
04558	0.616487
04558	0.598762
04327	0.784858
04327	0.833507
04327	0.775348
04327	0.821500
04327	0.787404
04327	0.846973
04327	0.871511
04327	0.804524
04327	0.838084
04327	0.827060
04327	0.799880
04327	0.807519
04327	0.731461
04327	0.756122
04327	0.763772
04813	0.522209
04813	0.541838
04813	0.503622
04813	0.489303
04813	0.486332
04813	0.480740
04813	0.497699
04813	0.280758
04813	0.477164
04813	0.440880
04813	0.534318
04813	0.286710
04831	0.501471
04831	0.592057
04831	0.503570
04831	0.584863
04831	0.470383
04831	0.524618
04831	0.504899
04831	0.452639
04831	0.535805
04831	0.612237
04831	0.564419
04831	0.581997
04872	0.487259
04872	0.373727
04872	0.476250
04493	0.535781
04493	0.548431
04493	0.619070
04493	0.613206
04493	0.597486
04493	0.602851
04493	0.462814
04493	0.483486
04493	0.623977
04727	0.565930
04727	0.634852
04727	0.557761
04727	0.429696
04727	0.591756
04727	0.543017
04727	0.600747
04727	0.538657
04727	0.488620
04727	0.579724
04727	0.573343
04727	0.631523
04727	0.570621
04727	0.559238
04727	0.619510
04556	0.684539
04556	0.624526
04556	0.632518
04556	0.452475
04556	0.631188
04556	0.637994
04556	0.570574
04556	0.610497
04556	0.522337
04556	0.581268
04556	0.698377
04556	0.646771
04556	0.631549
04556	0.391798
04556	0.663241
04836	0.617303
04836	0.674089
04836	0.598538
04836	0.525322
04836	0.695367
04836	0.655460
04836	0.647709
04836	0.623344
04836	0.499203
04836	0.678751
04836	0.655490
04836	0.574152
04836	0.592187
04836	0.407370
04836	0.540220
04882	0.483113
04882	0.414580
04882	0.404839
04882	0.487852
04882	0.506382
04882	0.428634
04882	0.386647
04882	0.510198
04882	0.507509
04882	0.442894
04882	0.356413
04882	0.468486
04347	0.619830
04347	0.637044
04347	0.618188
04347	0.509273
04347	0.555525
04347	0.644779
04347	0.654708
04347	0.626277
04347	0.525025
04347	0.486216
04347	0.635681
04347	0.651835
04347	0.639460
04347	0.531022
04347	0.579101
04631	0.462861
04631	0.470985
04631	0.362376
04631	0.451571
04631	0.431458
04631	0.435875
04631	0.458486
04631	0.356088
04631	0.408464
04631	0.391700
04631	0.450616
04631	0.453706
04631	0.394113
04631	0.408802
04631	0.381715
04376	0.629147
04376	0.347409
04376	0.399409
04376	0.564313
04376	0.582490
04376	0.547779
04376	0.326311
04376	0.446017
04376	0.435450
04376	0.449820
04376	0.658562
04376	0.430615
04376	0.505064
04376	0.618611
04376	0.644480
04810	0.448073
04810	0.474210
04810	0.519790
04810	0.532517
04810	0.534314
04810	0.553362
04810	0.621560
04810	0.555587
04810	0.488199
04810	0.531463
04810	0.544139
04810	0.582504
04324	0.711120
04324	0.594199
04324	0.564513
04324	0.658026
04324	0.689249
04324	0.605783
04324	0.553535
04324	0.675656
04324	0.634842
04324	0.542114
04324	0.559343
04324	0.679193
04300	0.471898
04300	0.501741
04300	0.404415
04300	0.545990
04300	0.670747
04300	0.481153
04300	0.492843
04300	0.565890
04300	0.624512
04300	0.750563
04300	0.455901
04300	0.478812
04300	0.446764
04300	0.543400
04300	0.674108
04622	0.711907
04622	0.699371
04622	0.806357
04622	0.788085
04622	0.667356
04622	0.664364
04622	0.809399
04622	0.727010
04622	0.702712
04622	0.650727
04622	0.770436
04622	0.667633
04745	0.452676
04745	0.432888
04745	0.440474
04745	0.432483
04745	0.447460
04745	0.442399
04745	0.444376
04745	0.435283
04745	0.414648
04745	0.364344
04745	0.417497
04745	0.462564
04745	0.439583
04745	0.432007
04745	0.389221
04323	0.568181
04323	0.616004
04323	0.555387
04323	0.614959
04323	0.661547
04323	0.602844
04323	0.642454
04323	0.694240
04323	0.623048
04818	0.530988
04818	0.517065
04818	0.524822
04818	0.502682
04818	0.531050
04818	0.628482
04818	0.641591
04818	0.646155
04818	0.582315
04818	0.573918
04818	0.683562
04818	0.671955
04818	0.669697
04818	0.631302
04818	0.645053
04434	0.592609
04434	0.663445
04434	0.526521
04434	0.563956
04434	0.665559
04434	0.493596
04434	0.582056
04434	0.672223
04434	0.525750
04646	0.524592
04646	0.475558
04646	0.356902
04646	0.477612
04646	0.417683
04646	0.378922
04302	0.392899
04302	0.513803
04302	0.382410
04302	0.348812
04302	0.326948
04302	0.472692
04302	0.477716
04302	0.492413
04302	0.362363
04302	0.296349
04302	0.453042
04302	0.556046
04302	0.480013
04302	0.340043
04302	0.309415
04524	0.394086
04524	0.440867
04524	0.441075
04524	0.455688
04524	0.538051
04524	0.365359
04524	0.363628
04524	0.401526
04524	0.342555
04524	0.416861
04524	0.413096
04524	0.475794
04524	0.424959
04524	0.495514
04524	0.540891
04203	0.213126
04203	0.529689
04203	0.352207
04203	0.485995
04203	0.668208
04203	0.272657
04203	0.563739
04203	0.411869
04203	0.553273
04203	0.712493
04203	0.253101
04203	0.544754
04203	0.373926
04203	0.519160
04203	0.659801
04603	0.543092
04603	0.539127
04603	0.304796
04603	0.362172
04603	0.492247
04603	0.506276
04603	0.363862
04603	0.342587
04603	0.532002
04603	0.518097
04603	0.324580
04603	0.340079
04549	0.240084
04549	0.304988
04549	0.393825
04549	0.233400
04549	0.244786
04549	0.485579
04549	0.354323
04549	0.312690
04549	0.522942
04597	0.675028
04597	0.360802
04597	0.324284
04597	0.793179
04597	0.708674
04597	0.692341
04597	0.415736
04597	0.363295
04597	0.801280
04597	0.704215
04597	0.666150
04597	0.402687
04597	0.366000
04597	0.775034
04597	0.670781
04904	0.558026
04904	0.497631
04904	0.527455
04904	0.380234
04904	0.475796
04904	0.521839
04904	0.520964
04904	0.510625
04904	0.375198
04904	0.446333
04904	0.518355
04904	0.530172
04904	0.513708
04904	0.385012
04904	0.474433
04256	0.586668
04256	0.489401
04256	0.670077
04256	0.519708
04256	0.451337
04256	0.614091
04256	0.552918
04256	0.488023
04256	0.645152
04884	0.584571
04884	0.700274
04884	0.598640
04884	0.693018
04884	0.274549
04884	0.514016
04884	0.657117
04884	0.473158
04884	0.615967
04884	0.358900
04884	0.476982
04884	0.599650
04884	0.459159
04884	0.558289
04884	0.352546
04561	0.557426
04561	0.544534
04561	0.452041
04561	0.524547
04561	0.553229
04561	0.513254
04561	0.491041
04561	0.391295
04561	0.512307
04561	0.555360
04561	0.575701
04561	0.548893
04561	0.435537
04561	0.522853
04561	0.544262
04635	0.516033
04635	0.558890
04635	0.674588
04635	0.721133
04635	0.629690
04635	0.651151
04635	0.686778
04635	0.748269
04635	0.605872
04635	0.618617
04635	0.605715
04635	0.725809
04533	0.586459
04533	0.508925
04533	0.450054
04533	0.512476
04533	0.608481
04533	0.512907
04533	0.474009
04533	0.527711
04533	0.619568
04533	0.507083
04533	0.444127
04533	0.486405
04431	0.485013
04431	0.537813
04431	0.542394
04431	0.385284
04431	0.480470
04431	0.444470
04431	0.512529
04431	0.506869
04431	0.372203
04431	0.436485
04431	0.485390
04431	0.555906
04431	0.543768
04431	0.402425
04431	0.488257
04815	0.665033
04815	0.649901
04815	0.700683
04815	0.726306
04815	0.773307
04815	0.646582
04815	0.599153
04815	0.679351
04815	0.692616
04815	0.730502
04815	0.655747
04815	0.563769
04815	0.693908
04815	0.707706
04815	0.726932
04876	0.539672
04876	0.568923
04876	0.411917
04876	0.512529
04876	0.567323
04876	0.561583
04876	0.621514
04876	0.481288
04876	0.594237
04876	0.602295
04876	0.597591
04876	0.640645
04876	0.532348
04876	0.628794
04876	0.559321
04839	0.444083
04839	0.469798
04839	0.663473
04839	0.462151
04839	0.513933
04839	0.713331
04839	0.553012
04839	0.587649
04839	0.674301
04681	0.316668
04681	0.504287
04681	0.413471
04681	0.376757
04681	0.445851
04681	0.292143
04681	0.481970
04681	0.398042
04681	0.357876
04681	0.443444
04681	0.329493
04681	0.519469
04681	0.432924
04681	0.405287
04681	0.465708
04365	0.715843
04365	0.478104
04365	0.503560
04365	0.464066
04365	0.409912
04365	0.722846
04365	0.528639
04365	0.569224
04365	0.519308
04365	0.421154
04365	0.736838
04365	0.519181
04365	0.536163
04365	0.465134
04365	0.407402
04850	0.568893
04850	0.642877
04850	0.424665
04850	0.394763
04850	0.441947
04850	0.627338
04850	0.684964
04850	0.510680
04850	0.492906
04850	0.559060
04850	0.579161
04850	0.583665
04850	0.468210
04850	0.487392
04850	0.538835
04217	0.391895
04217	0.411578
04217	0.330103
04217	0.567868
04217	0.446342
04217	0.360321
04217	0.318627
04217	0.240292
04217	0.484890
04217	0.349232
04217	0.322758
04217	0.335724
04217	0.287001
04217	0.518409
04217	0.370852
04651	0.732347
04651	0.642736
04651	0.594982
04651	0.699365
04651	0.600495
04651	0.639620
04651	0.759687
04651	0.603455
04651	0.646104
04743	0.702949
04743	0.779061
04743	0.747102
04743	0.797533
04743	0.823974
04743	0.798947
04743	0.688623
04743	0.756901
04743	0.724550
04433	0.694577
04433	0.724376
04433	0.500996
04433	0.615904
04433	0.593300
04433	0.609221
04433	0.779509
04433	0.781776
04433	0.585319
04366	0.324571
04366	0.202295
04366	0.292960
04915	0.392249
04915	0.373172
04915	0.427314
04915	0.458859
04915	0.427031
04915	0.400447
04915	0.460640
04915	0.462235
04915	0.489565
04915	0.461212
04915	0.533822
04915	0.511828
04915	0.484456
04915	0.464173
04915	0.475457
04915	0.493089
04374	0.633610
04374	0.631000
04374	0.640744
04374	0.703462
04374	0.617752
04374	0.706175
04374	0.676941
04374	0.689647
04374	0.746957
04374	0.684790
04374	0.692095
04374	0.679733
04374	0.705606
04374	0.758199
04374	0.682925
04843	0.678002
04843	0.747456
04843	0.787421
04843	0.628807
04843	0.648936
04843	0.682245
04843	0.771058
04843	0.696090
04843	0.670108
04843	0.677300
04843	0.666735
04843	0.717610
04843	0.752461
04843	0.594491
04843	0.624693
04871	0.481106
04871	0.489626
04871	0.518499
04871	0.442129
04871	0.471388
04871	0.453683
04871	0.458862
04871	0.427209
04871	0.426924
04871	0.453274
04871	0.440681
04871	0.487063
04871	0.443020
04871	0.472264
04871	0.456035
04916	0.354460
04916	0.508405
04916	0.596872
04916	0.563650
04916	0.566656
04916	0.377099
04916	0.508911
04916	0.589335
04916	0.550516
04916	0.569027
04916	0.409954
04916	0.554247
04916	0.626814
04916	0.620703
04916	0.600951
04916	0.439448
04916	0.586069
04916	0.671290
04916	0.623877
04916	0.624321
04523	0.463054
04523	0.714690
04523	0.693456
04523	0.428098
04523	0.615811
04523	0.588734
04523	0.459583
04523	0.641998
04523	0.621429
04931	0.203608
04931	0.170381
04931	0.309901
04931	0.202837
04931	0.147714
04931	0.361048
04513	0.845886
04513	0.757032
04513	0.701071
04513	0.791542
04513	0.594781
04513	0.836234
04513	0.724785
04513	0.696501
04513	0.770672
04513	0.642331
04513	0.846505
04513	0.757255
04513	0.707135
04513	0.798970
04513	0.595599
04662	0.604787
04662	0.544042
04662	0.626477
04662	0.640303
04662	0.694205
04662	0.644617
04662	0.649799
04662	0.658776
04662	0.730892
04662	0.687813
04662	0.594144
04662	0.572469
04662	0.576335
04662	0.679310
04662	0.633190
04684	0.687787
04684	0.771807
04684	0.525987
04684	0.617083
04684	0.835083
04684	0.558382
04684	0.763087
04684	0.618463
04684	0.435994
04684	0.758561
04684	0.517617
04684	0.718393
04684	0.539015
04684	0.408689
04684	0.744620
04609	0.621654
04609	0.492840
04609	0.567524
04609	0.653149
04609	0.673655
04609	0.594035
04609	0.653880
04609	0.708629
04609	0.740600
04609	0.603628
04609	0.670740
04609	0.751373
04760	0.659531
04760	0.665052
04760	0.701350
04760	0.782955
04760	0.761106
04760	0.621668
04760	0.599608
04760	0.624938
04760	0.735564
04760	0.732414
04760	0.649051
04760	0.593760
04760	0.627565
04760	0.740920
04760	0.723078
04848	0.616431
04848	0.638601
04848	0.667473
04848	0.635350
04848	0.564206
04848	0.655003
04848	0.663561
04848	0.728027
04848	0.688475
04848	0.613149
04848	0.618510
04848	0.596769
04848	0.705557
04848	0.639583
04848	0.599244
04593	0.558401
04593	0.543216
04593	0.546408
04593	0.439928
04593	0.536082
04593	0.590381
04593	0.553432
04593	0.587789
04593	0.481978
04593	0.564260
04593	0.553946
04593	0.556210
04593	0.581574
04593	0.479432
04593	0.520923
04829	0.542912
04829	0.451978
04829	0.420807
04829	0.387202
04829	0.427420
04829	0.366751
04829	0.320220
04829	0.308766
04829	0.573515
04829	0.526509
04829	0.458177
04829	0.421819
04463	0.719039
04463	0.635428
04463	0.628188
04463	0.570554
04463	0.657782
04463	0.791957
04463	0.692760
04463	0.584443
04463	0.543968
04463	0.664284
04463	0.845998
04463	0.757048
04463	0.662582
04463	0.657953
04463	0.675467
04488	0.291288
04488	0.312069
04488	0.422223
04488	0.404513
04488	0.389649
04488	0.377001
04488	0.314175
04488	0.315949
04488	0.435321
04316	0.227222
04316	0.333050
04316	0.561941
04316	0.629627
04316	0.599816
04316	0.246797
04316	0.362512
04316	0.608101
04316	0.621360
04316	0.621109
04316	0.229570
04316	0.395241
04316	0.589024
04316	0.629265
04316	0.643231
04714	0.423350
04714	0.382640
04714	0.343318
04714	0.369909
04714	0.435501
04714	0.422502
04714	0.480499
04714	0.391108
04714	0.450505
04714	0.468117
04714	0.435930
04714	0.397316
04714	0.412410
04714	0.392462
04714	0.458527
04817	0.139425
04817	0.142593
04817	0.422605
04408	0.564749
04408	0.602982
04408	0.519436
04408	0.429424
04408	0.539194
04408	0.637264
04408	0.620804
04408	0.608734
04408	0.480944
04408	0.613493
04408	0.623372
04408	0.639738
04408	0.632496
04408	0.501515
04408	0.629103
04796	0.509777
04796	0.494567
04796	0.455052
04796	0.551801
04796	0.494613
04796	0.531488
04796	0.670690
04796	0.640512
04796	0.617569
04796	0.653870
04796	0.492799
04796	0.653036
04796	0.629216
04796	0.581011
04796	0.632679
04718	0.657529
04718	0.432452
04718	0.477916
04718	0.380268
04718	0.627884
04718	0.534840
04718	0.475991
04718	0.537261
04718	0.512622
04718	0.482674
04718	0.624213
04718	0.453726
04718	0.534532
04718	0.401666
04718	0.647553
04456	0.583128
04456	0.755018
04456	0.652938
04456	0.697030
04456	0.761706
04456	0.607124
04456	0.720320
04456	0.654323
04456	0.654869
04456	0.745118
04456	0.552765
04456	0.719007
04456	0.603449
04456	0.660754
04456	0.723405
04598	0.707718
04598	0.697813
04598	0.569899
04598	0.697355
04598	0.458710
04598	0.741703
04598	0.748786
04598	0.615209
04598	0.766270
04598	0.474694
04598	0.758179
04598	0.754865
04598	0.597607
04598	0.741804
04598	0.503417
04419	0.648388
04419	0.699524
04419	0.595054
04419	0.750666
04419	0.587511
04419	0.697092
04419	0.713045
04419	0.613582
04419	0.787718
04419	0.580744
04419	0.801293
04419	0.775299
04419	0.757792
04419	0.789890
04419	0.646841
04477	0.635071
04477	0.689134
04477	0.658070
04477	0.526720
04477	0.624343
04477	0.685809
04477	0.638445
04477	0.647357
04477	0.628040
04596	0.379991
04596	0.371092
04596	0.451660
04596	0.526427
04596	0.302605
04596	0.346314
04596	0.398523
04596	0.402613
04596	0.542376
04596	0.268983
04596	0.317137
04596	0.369970
04596	0.311348
04596	0.627254
04596	0.207866
04693	0.659131
04693	0.595985
04693	0.592372
04693	0.656426
04693	0.658023
04693	0.671700
04693	0.659615
04693	0.740728
04693	0.718737
04693	0.660927
04693	0.681576
04693	0.716511
04901	0.397674
04901	0.500417
04901	0.417347
04901	0.365611
04901	0.381991
04901	0.403901
04901	0.494215
04901	0.307293
04901	0.433820
04901	0.354038
04901	0.523426
04901	0.655121
04901	0.450203
04901	0.431781
04901	0.413310
04647	0.190516
04647	0.337908
04647	0.326777
04647	0.368753
04647	0.321272
04647	0.411426
04647	0.359992
04647	0.369126
04647	0.355863
04647	0.468772
04647	0.471363
04647	0.487243
04213	0.592796
04213	0.690334
04213	0.611214
04213	0.561117
04213	0.523625
04213	0.540397
04213	0.597240
04213	0.581218
04213	0.547335
04233	0.588201
04233	0.726575
04233	0.709488
04233	0.562071
04233	0.636547
04233	0.645185
04233	0.719796
04233	0.741931
04233	0.618430
04233	0.623775
04233	0.558650
04233	0.676221
04233	0.651068
04233	0.520736
04233	0.552739
04519	0.382438
04519	0.510693
04519	0.530343
04519	0.660136
04519	0.422612
04519	0.457970
04519	0.496210
04519	0.646360
04519	0.422385
04519	0.500169
04519	0.471744
04519	0.574529
04924	0.335190
04924	0.387066
04924	0.421632
04924	0.275605
04924	0.303797
04924	0.460431
04924	0.344345
04924	0.407392
04924	0.429634
04924	0.354667
04924	0.388799
04924	0.484438
04794	0.495941
04794	0.660014
04794	0.686168
04794	0.459625
04794	0.560598
04794	0.657894
04794	0.674257
04794	0.431428
04794	0.535140
04794	0.675633
04794	0.677704
04794	0.413059
04767	0.574862
04767	0.596836
04767	0.401169
04767	0.425851
04767	0.321205
04767	0.551373
04767	0.548604
04767	0.493879
04767	0.400394
04767	0.281511
04767	0.528741
04767	0.532536
04767	0.511313
04767	0.340257
04767	0.268389
04301	0.458578
04301	0.353608
04301	0.480860
04301	0.471869
04301	0.480289
04301	0.490462
04301	0.575077
04301	0.552809
04301	0.416717
04301	0.376270
04301	0.616790
04301	0.572729
04612	0.609712
04612	0.627946
04612	0.506624
04695	0.646581
04695	0.653888
04695	0.688852
04695	0.658696
04695	0.698216
04695	0.765825
04695	0.801175
04695	0.797612
04695	0.822229
04695	0.830748
04905	0.597985
04905	0.500340
04905	0.595628
04905	0.702412
04905	0.479688
04905	0.643534
04905	0.518715
04905	0.618470
04905	0.684552
04905	0.542460
04905	0.643827
04905	0.472125
04905	0.591176
04905	0.637149
04905	0.402920
04709	0.515330
04709	0.540761
04709	0.401558
04709	0.459799
04709	0.398723
04709	0.540601
04709	0.608520
04709	0.495177
04709	0.473512
04709	0.452201
04709	0.458791
04709	0.552515
04709	0.454563
04709	0.477386
04709	0.410652
04479	0.769737
04479	0.740045
04479	0.439747
04479	0.628162
04479	0.592984
04479	0.845359
04479	0.809994
04479	0.554681
04479	0.699368
04479	0.673519
04479	0.823275
04479	0.808169
04479	0.514361
04479	0.684354
04479	0.614736
04733	0.493320
04733	0.478565
04733	0.499862
04733	0.461640
04733	0.409375
04733	0.474145
04733	0.559543
04733	0.492549
04733	0.528557
04711	0.344019
04711	0.244254
04711	0.774284
04711	0.608116
04711	0.324586
04711	0.328094
04711	0.219894
04711	0.762320
04711	0.582998
04711	0.292722
04711	0.299121
04711	0.228164
04711	0.788209
04711	0.600562
04711	0.316425
04572	0.476875
04572	0.582718
04572	0.573138
04572	0.595000
04572	0.537103
04667	0.553829
04667	0.445863
04667	0.502287
04667	0.527373
04667	0.428534
04667	0.558579
04667	0.466960
04667	0.462243
04667	0.539736
04667	0.439780
04667	0.570661
04667	0.459223
04667	0.497434
04667	0.513736
04667	0.443124
04855	0.505845
04855	0.639355
04855	0.511000
04855	0.475591
04855	0.514591
04855	0.481731
04855	0.623163
04855	0.563645
04855	0.423023
04855	0.542826
04855	0.376894
04855	0.535219
04855	0.504450
04855	0.407018
04855	0.477646
04735	0.732390
04735	0.639371
04735	0.673361
04735	0.499759
04735	0.599558
04735	0.684654
04735	0.668845
04735	0.685125
04735	0.493393
04735	0.568538
04735	0.659892
04735	0.636550
04735	0.626870
04735	0.462748
04735	0.562279
04331	0.492818
04331	0.354081
04331	0.702266
04331	0.673165
04331	0.553541
04331	0.718921
04331	0.727391
04331	0.523532
04331	0.759206
04652	0.731566
04652	0.647266
04652	0.660066
04652	0.598198
04652	0.613332
04652	0.788908
04652	0.697866
04652	0.704840
04652	0.648266
04652	0.702545
04652	0.705242
04652	0.615653
04652	0.589845
04652	0.573317
04652	0.564027
04880	0.584729
04880	0.555008
04880	0.687391
04880	0.721112
04880	0.591891
04880	0.550393
04880	0.664565
04880	0.707244
04506	0.718742
04506	0.741857
04506	0.714681
04506	0.622486
04506	0.713780
04506	0.748772
04506	0.778133
04506	0.742579
04506	0.642883
04506	0.755823
04506	0.769646
04506	0.799816
04506	0.771789
04506	0.650135
04506	0.752906
04792	0.775847
04792	0.405929
04792	0.545084
04792	0.440108
04792	0.470714
04792	0.765259
04792	0.454559
04792	0.528069
04792	0.495739
04792	0.493238
04792	0.742406
04792	0.397496
04792	0.448171
04792	0.493040
04792	0.442897
04578	0.412140
04578	0.368938
04578	0.528531
04578	0.527794
04578	0.413534
04578	0.378167
04578	0.486986
04578	0.487702
04578	0.379234
04578	0.333029
04578	0.496300
04578	0.478411
04225	0.527740
04225	0.457175
04225	0.341222
04225	0.537678
04225	0.476463
04225	0.327398
04225	0.467171
04225	0.436939
04225	0.374290
04575	0.293200
04575	0.333000
04575	0.263222
04575	0.278078
04575	0.301647
04575	0.261768
04575	0.243603
04575	0.257261
04575	0.258312
04827	0.436022
04827	0.591068
04827	0.438225
04827	0.518133
04827	0.709099
04827	0.516114
04827	0.597821
04827	0.428304
04827	0.458915
04827	0.643965
04827	0.475200
04827	0.510626
04827	0.387591
04827	0.460950
04827	0.593057
04900	0.432514
04900	0.538237
04900	0.407035
04900	0.400863
04900	0.462261
04900	0.466942
04900	0.581715
04900	0.413575
04900	0.462162
04900	0.513335
04900	0.533917
04900	0.642903
04900	0.456189
04900	0.481239
04900	0.547508
04742	0.496387
04742	0.597304
04742	0.384309
04742	0.498407
04742	0.470660
04742	0.495560
04742	0.537883
04742	0.483492
04742	0.512238
04742	0.470767
04742	0.564801
04742	0.640603
04742	0.443007
04742	0.577925
04742	0.530299
04540	0.603623
04540	0.454325
04540	0.434760
04540	0.534655
04540	0.510780
04540	0.629255
04540	0.495411
04540	0.469316
04540	0.445552
04540	0.482487
04540	0.606240
04540	0.404329
04540	0.401702
04540	0.496049
04540	0.490966
04757	0.390378
04757	0.429704
04757	0.409116
04757	0.396664
04757	0.418237
04757	0.441586
04757	0.558732
04757	0.531742
04757	0.374806
04728	0.508709
04728	0.535966
04728	0.355098
04728	0.436548
04728	0.455049
04728	0.474965
04728	0.287331
04728	0.380216
04728	0.410193
04728	0.427634
04728	0.285093
04728	0.369510
04863	0.345024
04863	0.370138
04863	0.408145
04863	0.387704
04863	0.547574
04863	0.423125
04863	0.489537
04863	0.457300
04863	0.467939
04863	0.481927
04863	0.437978
04863	0.499164
04863	0.492272
04863	0.497770
04863	0.491687
04516	0.416980
04516	0.446207
04516	0.607518
04516	0.518160
04516	0.625171
04516	0.416347
04516	0.469431
04516	0.581421
04516	0.493747
04516	0.639016
04516	0.427752
04516	0.497353
04516	0.622448
04516	0.483785
04516	0.641946
04560	0.549425
04560	0.431620
04560	0.329227
04560	0.427315
04560	0.564076
04560	0.664287
04560	0.576081
04560	0.599733
04560	0.693016
04560	0.643446
04560	0.657261
04560	0.554615
04560	0.532139
04560	0.644690
04560	0.690457
04239	0.690315
04239	0.722217
04239	0.680602
04239	0.639344
04239	0.658557
04239	0.636875
04239	0.628267
04239	0.669434
04239	0.616539
04447	0.684527
04447	0.545779
04447	0.620254
04447	0.707021
04447	0.658038
04447	0.758533
04447	0.579889
04447	0.704725
04447	0.766045
04447	0.746780
04447	0.758116
04447	0.647714
04447	0.666562
04447	0.764306
04447	0.745699
04748	0.561030
04748	0.523750
04748	0.529974
04748	0.681041
04748	0.467513
04748	0.534693
04748	0.540654
04748	0.535625
04748	0.657307
04748	0.468754
04748	0.532982
04748	0.501274
04748	0.528620
04748	0.667546
04748	0.467887
04802	0.581674
04802	0.680889
04802	0.786970
04802	0.512320
04802	0.716004
04802	0.768099
04802	0.539527
04802	0.666995
04802	0.812959
04776	0.560856
04776	0.602275
04776	0.620538
04776	0.584588
04776	0.598975
04776	0.639275
04776	0.580444
04776	0.605581
04776	0.640708
04736	0.438016
04736	0.500191
04736	0.542135
04736	0.607833
04736	0.508997
04736	0.521146
04736	0.646440
04736	0.694444
04736	0.466083
04736	0.454981
04736	0.610793
04736	0.686659
04274	0.561862
04274	0.648563
04274	0.631366
04274	0.638916
04274	0.655971
04274	0.534140
04274	0.570008
04274	0.581226
04274	0.505511
04274	0.541726
04274	0.665603
04274	0.681095
04274	0.643867
04274	0.645861
04274	0.641884
04509	0.570925
04509	0.526745
04509	0.606508
04509	0.714586
04509	0.707469
04509	0.655372
04509	0.722019
04509	0.803642
04509	0.640827
04509	0.628401
04509	0.708678
04509	0.780093
04823	0.530022
04823	0.478564
04823	0.496540
04823	0.557743
04823	0.487692
04823	0.577807
04823	0.528091
04823	0.552069
04823	0.579534
04823	0.485268
04823	0.556190
04823	0.454525
04823	0.509343
04823	0.557276
04823	0.456583
04349	0.646745
04349	0.650090
04349	0.698661
04349	0.483860
04349	0.448900
04349	0.575894
04349	0.563047
04349	0.622972
04349	0.419820
04349	0.406512
04349	0.654583
04349	0.624616
04349	0.657527
04349	0.560570
04349	0.391541
04406	0.616766
04406	0.589632
04406	0.485264
04406	0.669949
04406	0.655929
04406	0.510127
04406	0.606508
04406	0.617740
04406	0.472077
04385	0.513548
04385	0.447320
04385	0.499520
04385	0.412034
04385	0.514642
04385	0.443894
04385	0.439745
04385	0.463202
04385	0.545063
04385	0.618785
04795	0.538958
04795	0.526939
04795	0.392033
04675	0.596979
04675	0.627085
04675	0.598554
04675	0.573918
04675	0.669021
04675	0.577266
04675	0.591004
04675	0.562306
04675	0.450541
04675	0.525388
04675	0.586988
04675	0.619489
04675	0.594649
04675	0.484378
04675	0.591005
04626	0.529632
04626	0.656355
04626	0.509628
04626	0.452702
04626	0.631183
04626	0.518988
04626	0.620236
04626	0.505167
04626	0.449409
04626	0.618880
04626	0.582155
04626	0.669160
04626	0.530546
04626	0.457672
04626	0.653949
04351	0.642574
04351	0.728675
04351	0.766585
04351	0.688916
04351	0.642566
04351	0.706468
04351	0.705650
04351	0.691090
04351	0.683297
04351	0.799287
04351	0.800877
04351	0.673942
04512	0.785565
04512	0.677201
04512	0.632586
04512	0.656290
04512	0.738759
04512	0.672184
04512	0.614076
04512	0.540666
04512	0.556983
04512	0.730061
04512	0.805072
04512	0.723420
04512	0.667438
04512	0.692591
04512	0.792131
04806	0.764946
04806	0.703451
04806	0.771096
04806	0.757806
04806	0.701858
04806	0.781370
04806	0.718106
04806	0.751149
04806	0.750445
04806	0.682306
04806	0.773237
04806	0.718184
04806	0.751474
04806	0.758902
04806	0.678324
04588	0.499526
04588	0.493710
04588	0.760535
04588	0.716853
04588	0.772226
04588	0.443303
04588	0.467776
04588	0.743846
04588	0.677464
04588	0.740121
04588	0.515539
04588	0.533247
04588	0.777189
04588	0.715249
04588	0.775679
04842	0.449025
04842	0.581256
04842	0.611927
04842	0.476086
04842	0.536727
04842	0.446630
04842	0.598030
04842	0.634740
04842	0.509532
04842	0.553953
04842	0.380966
04842	0.570414
04842	0.589096
04842	0.445278
04842	0.495194
04756	0.560623
04756	0.600650
04756	0.573538
04756	0.485002
04756	0.451365
04803	0.523292
04803	0.490450
04803	0.446030
04803	0.562339
04803	0.540614
04803	0.382169
04803	0.529834
04803	0.439248
04803	0.304534
04496	0.707642
04496	0.440847
04496	0.515099
04496	0.407451
04496	0.648632
04496	0.700076
04496	0.437888
04496	0.489015
04496	0.392708
04496	0.620120
04496	0.766728
04496	0.573565
04496	0.624220
04496	0.474993
04496	0.700302
04581	0.307270
04581	0.435336
04581	0.449801
04581	0.467255
04581	0.369440
04581	0.398368
04581	0.417613
04581	0.491520
04581	0.346311
04581	0.470209
04581	0.471897
04581	0.493183
04682	0.653560
04682	0.512352
04682	0.764029
04682	0.685615
04682	0.533160
04682	0.592358
04682	0.589534
04682	0.713345
04682	0.755596
04682	0.625563
04682	0.697175
04682	0.650028
04682	0.771313
04682	0.793348
04682	0.704090
04696	0.498863
04696	0.541504
04696	0.447338
04696	0.491148
04696	0.557252
04696	0.488468
04696	0.489506
04696	0.453319
04696	0.390749
04696	0.599890
04696	0.418344
04696	0.443869
04696	0.482409
04696	0.483173
04696	0.549738
04338	0.751591
04338	0.578462
04338	0.628445
04338	0.547896
04338	0.630076
04627	0.561374
04627	0.500449
04627	0.532950
04627	0.551297
04297	0.645057
04297	0.438024
04297	0.475294
04297	0.729574
04297	0.659416
04297	0.651018
04297	0.461082
04297	0.512180
04297	0.727086
04297	0.634954
04297	0.671797
04297	0.500822
04297	0.578387
04297	0.770568
04297	0.655451
04461	0.499727
04461	0.399118
04461	0.492162
04461	0.392190
04461	0.455198
04461	0.503534
04461	0.410816
04461	0.536073
04461	0.422142
04461	0.480859
04461	0.531385
04461	0.413594
04461	0.482883
04461	0.426029
04461	0.477957
04211	0.519648
04211	0.688491
04211	0.684856
04211	0.514150
04211	0.664337
04211	0.691029
04211	0.474527
04211	0.636302
04211	0.681494
04313	0.497586
04313	0.755047
04313	0.415899
04313	0.596312
04313	0.768417
04313	0.498138
04313	0.421780
04313	0.651098
04313	0.445027
04724	0.454843
04724	0.514090
04724	0.676775
04724	0.686993
04724	0.575600
04724	0.453078
04724	0.497307
04724	0.633635
04724	0.634442
04724	0.515612
04724	0.338206
04724	0.408124
04724	0.618594
04724	0.621590
04724	0.447894
04305	0.282419
04305	0.304001
04305	0.230756
04305	0.280566
04305	0.197476
04305	0.310446
04305	0.329702
04305	0.276631
04305	0.426021
04305	0.337187
04305	0.288731
04305	0.324801
04305	0.158517
04305	0.277641
04305	0.233406
04703	0.614666
04703	0.656479
04703	0.591099
04703	0.609067
04703	0.524854
04703	0.626335
04703	0.535467
04703	0.537688
04703	0.548932
04703	0.594110
04703	0.541886
04703	0.502062
04865	0.404070
04865	0.427350
04865	0.579067
04865	0.393824
04865	0.450766
04865	0.383838
04865	0.287294
04865	0.496690
04865	0.429398
04865	0.442814
04865	0.336036
04865	0.387925
04865	0.574496
04865	0.452105
04865	0.326292
