04853	0.312594
04853	0.224956
04853	0.310044
04853	0.284311
04853	0.172441
04853	0.275759
04853	0.241854
04853	0.241436
04853	0.290160
04853	0.170158
04853	0.341475
04853	0.290063
04853	0.279484
04853	0.311960
04853	0.171724
04633	0.432432
04633	0.412351
04633	0.435197
04633	0.584608
04633	0.568520
04633	0.402362
04633	0.377232
04633	0.392960
04633	0.538530
04633	0.518627
04633	0.368713
04633	0.349412
04633	0.344206
04633	0.526147
04633	0.486374
04838	0.297407
04838	0.230102
04838	0.455523
04838	0.220717
04838	0.333870
04838	0.366327
04838	0.349891
04838	0.487643
04838	0.371453
04838	0.436561
04838	0.321733
04838	0.361961
04838	0.502298
04838	0.370152
04838	0.390955
04265	0.451222
04265	0.448510
04265	0.416836
04265	0.517934
04265	0.586445
04265	0.564334
04265	0.266333
04265	0.327587
04265	0.449297
04265	0.455385
04265	0.379323
04265	0.453137
04734	0.154098
04734	0.251731
04734	0.220553
04734	0.313658
04734	0.294488
04734	0.117726
04734	0.221795
04734	0.166444
04734	0.257595
04734	0.249812
04734	0.138602
04734	0.294358
04734	0.201521
04734	0.303611
04734	0.330637
04573	0.374085
04573	0.477162
04573	0.188130
04573	0.347883
04573	0.477915
04573	0.226065
04573	0.314449
04573	0.412534
04573	0.231969
04846	0.241995
04846	0.265616
04846	0.228366
04846	0.166753
04846	0.336394
04846	0.255748
04846	0.277757
04846	0.269939
04846	0.189755
04846	0.301769
04846	0.254769
04846	0.264974
04846	0.267077
04846	0.189878
04846	0.328451
04866	0.396848
04866	0.310131
04866	0.129768
04866	0.311586
04866	0.446861
04866	0.372561
04866	0.139504
04866	0.380168
04866	0.463650
04866	0.370524
04866	0.158747
04866	0.431798
04395	0.466609
04395	0.384582
04395	0.320214
04395	0.382075
04395	0.419233
04395	0.361907
04395	0.250772
04395	0.294102
04395	0.428220
04395	0.353454
04395	0.271918
04395	0.310830
04898	0.239872
04898	0.360693
04898	0.294169
04898	0.381095
04898	0.301572
04898	0.274869
04898	0.314958
04898	0.294008
04898	0.346680
04898	0.370274
04898	0.402266
04898	0.388562
04779	0.243502
04779	0.248909
04779	0.250784
04779	0.225900
04779	0.335595
04779	0.291496
04779	0.333051
04779	0.227726
04779	0.313013
04779	0.276069
04779	0.315734
04779	0.241035
04589	0.454425
04589	0.437328
04589	0.215796
04589	0.355613
04589	0.316207
04589	0.529501
04589	0.538517
04589	0.280396
04589	0.389782
04589	0.312731
04589	0.564446
04589	0.543000
04589	0.303920
04589	0.425753
04589	0.368506
04382	0.263524
04382	0.395384
04382	0.292784
04382	0.599866
04382	0.526922
04382	0.304356
04382	0.348289
04382	0.342588
04382	0.449150
04382	0.463390
04382	0.457991
04382	0.486189
04382	0.512460
04382	0.340677
04382	0.374034
04397	0.323969
04397	0.383373
04397	0.208526
04397	0.355627
04397	0.319973
04397	0.436500
04397	0.477392
04397	0.248546
04397	0.309045
04397	0.354224
04397	0.354700
04397	0.438571
04397	0.212383
04397	0.302811
04397	0.307437
04890	0.162174
04890	0.234076
04890	0.245278
04890	0.276834
04890	0.300630
04890	0.192497
04890	0.280067
04890	0.317201
04890	0.363557
04890	0.389024
04890	0.213928
04890	0.279266
04890	0.255253
04890	0.293415
04890	0.314215
04505	0.409711
04505	0.398403
04505	0.497477
04505	0.458238
04505	0.409521
04505	0.576855
04505	0.448060
04505	0.507501
04505	0.545396
04505	0.677143
04505	0.434543
04505	0.402087
04505	0.462821
04505	0.492703
04505	0.459642
04787	0.286251
04787	0.424331
04787	0.424322
04787	0.245587
04787	0.279745
04787	0.261432
04787	0.347009
04787	0.503385
04787	0.221643
04787	0.256973
04787	0.246359
04787	0.304068
04787	0.479785
04787	0.264772
04787	0.304002
04530	0.453531
04530	0.477817
04530	0.439640
04530	0.264276
04530	0.373323
04530	0.400965
04530	0.438874
04530	0.422432
04530	0.275261
04530	0.371411
04530	0.470121
04530	0.494518
04530	0.460920
04530	0.320086
04530	0.410121
04444	0.343986
04444	0.389441
04444	0.256356
04444	0.361011
04444	0.331357
04444	0.346863
04444	0.435794
04444	0.248036
04444	0.332003
04444	0.260358
04444	0.339693
04444	0.396902
04444	0.246245
04444	0.339727
04444	0.294358
04470	0.481110
04470	0.520438
04470	0.311868
04470	0.387209
04470	0.371373
04470	0.573713
04470	0.617031
04470	0.472052
04470	0.491938
04470	0.500363
04470	0.499527
04470	0.461530
04470	0.341702
04470	0.391383
04470	0.404455
04482	0.258398
04482	0.232358
04482	0.260144
04482	0.261626
04482	0.199932
04482	0.287063
04482	0.255493
04482	0.290339
04482	0.302998
04482	0.308769
04482	0.180382
04482	0.166079
04482	0.188691
04482	0.209490
04482	0.244597
04451	0.376781
04451	0.220962
04451	0.288928
04451	0.398687
04451	0.256257
04451	0.309474
04451	0.398753
04451	0.189399
04451	0.261000
04857	0.412627
04857	0.386765
04857	0.327758
04857	0.429544
04857	0.457308
04857	0.504860
04857	0.329380
04857	0.555873
04857	0.332371
04857	0.340096
04857	0.238087
04857	0.399876
04436	0.461197
04436	0.615935
04436	0.360418
04436	0.358155
04436	0.329535
04436	0.476322
04436	0.608008
04436	0.410599
04436	0.367462
04436	0.342944
04436	0.321290
04436	0.450514
04436	0.306976
04436	0.278791
04436	0.290819
04811	0.243607
04811	0.251716
04811	0.275571
04811	0.179829
04811	0.181118
04811	0.248587
04811	0.253338
04811	0.276181
04811	0.143197
04811	0.178130
04811	0.286917
04811	0.291671
04811	0.319615
04811	0.209874
04811	0.239871
04689	0.412421
04689	0.451678
04689	0.448281
04689	0.340049
04689	0.302999
04689	0.505114
04689	0.579803
04689	0.569273
04689	0.385560
04689	0.417543
04689	0.533445
04689	0.560564
04689	0.570317
04689	0.438319
04689	0.405108
04800	0.325577
04800	0.417236
04800	0.244130
04495	0.372145
04495	0.585520
04495	0.462158
04495	0.473409
04495	0.432114
04495	0.420705
04495	0.644506
04495	0.495229
04495	0.508657
04495	0.494430
04495	0.418493
04495	0.637955
04495	0.492034
04495	0.540745
04495	0.490292
04473	0.368619
04473	0.160107
04473	0.299058
04473	0.228161
04473	0.214411
04473	0.340812
04473	0.128919
04473	0.249663
04473	0.198468
04473	0.187115
04473	0.313527
04473	0.156704
04473	0.247693
04473	0.199507
04473	0.174462
04437	0.207656
04437	0.199359
04437	0.241491
04437	0.205981
04437	0.037194
04437	0.230990
04437	0.247983
04437	0.257674
04437	0.248701
04437	0.077130
04691	0.243744
04691	0.281127
04691	0.284099
04691	0.279260
04691	0.289184
04691	0.228589
04691	0.278136
04691	0.310706
04691	0.259538
04282	0.088255
04282	0.194838
04282	0.125612
04282	0.138110
04282	0.156128
04282	0.066806
04744	0.135491
04744	0.151018
04744	0.157829
04744	0.117648
04744	0.117056
04744	0.225313
04744	0.242008
04744	0.130179
04744	0.250198
04744	0.262610
04744	0.169185
04744	0.182700
04744	0.107003
04744	0.185593
04744	0.193325
04418	0.370537
04418	0.439191
04418	0.332223
04418	0.324585
04418	0.440573
04418	0.510841
04418	0.346629
04418	0.376247
04418	0.438445
04418	0.504334
04418	0.362450
04418	0.380609
04708	0.263537
04708	0.386568
04708	0.311911
04708	0.402995
04708	0.306955
04708	0.330374
04708	0.412837
04708	0.366526
04708	0.456400
04708	0.360246
04708	0.232137
04708	0.352595
04708	0.312630
04708	0.386002
04708	0.288374
04754	0.315647
04754	0.298455
04754	0.417362
04754	0.265612
04754	0.352738
04687	0.362318
04687	0.249926
04687	0.292982
04687	0.267177
04687	0.246015
04687	0.229393
04833	0.187278
04833	0.168024
04833	0.240052
04833	0.144303
04833	0.173569
04833	0.192905
04833	0.142792
04833	0.229730
04833	0.119629
04833	0.159692
04833	0.228714
04833	0.171408
04833	0.257660
04833	0.158663
04833	0.181367
04481	0.430371
04481	0.507273
04481	0.456011
04481	0.433336
04481	0.350969
04481	0.481024
04481	0.492214
04481	0.507087
04481	0.459076
04481	0.322840
04481	0.506344
04481	0.573471
04481	0.558110
04481	0.531745
04481	0.322836
04670	0.329550
04670	0.346202
04670	0.430427
04670	0.330628
04670	0.254894
04670	0.331784
04670	0.311262
04670	0.365423
04670	0.287782
04670	0.247664
04670	0.392992
04670	0.421476
04670	0.492812
04670	0.320430
04670	0.248956
04553	0.308717
04553	0.523723
04553	0.366046
04553	0.279482
04553	0.493723
04553	0.298955
04553	0.318775
04553	0.512201
04553	0.344010
04504	0.236730
04504	0.266304
04504	0.201050
04511	0.314900
04511	0.313720
04511	0.248757
04511	0.246177
04511	0.259374
04511	0.362938
04511	0.375148
04511	0.253371
04511	0.235990
04511	0.292879
04511	0.370901
04511	0.400132
04511	0.299486
04511	0.373318
04511	0.346050
04425	0.191914
04425	0.186649
04425	0.243668
04425	0.213838
04425	0.228399
04425	0.284801
04425	0.152588
04425	0.212832
04425	0.240881
04784	0.523593
04784	0.477402
04784	0.485061
04784	0.495934
04784	0.516064
04784	0.661530
04784	0.555556
04784	0.577391
04784	0.503857
04784	0.576432
04784	0.627087
04784	0.555796
04784	0.543815
04784	0.508512
04784	0.526118
04697	0.271373
04697	0.227701
04697	0.260422
04697	0.330074
04697	0.338127
04697	0.221336
04697	0.346329
04697	0.361638
04697	0.292173
04697	0.192168
04697	0.309082
04697	0.359376
04430	0.235844
04430	0.204558
04430	0.208341
04430	0.255717
04430	0.169447
04430	0.279556
04430	0.274664
04430	0.262461
04430	0.332664
04430	0.216368
04430	0.217725
04430	0.180245
04430	0.196513
04430	0.215438
04430	0.135070
04535	0.139971
04535	0.249078
04535	0.244728
04535	0.243964
04535	0.335028
04535	0.328415
04535	0.191591
04535	0.295897
04535	0.284811
04273	0.416283
04273	0.415017
04273	0.295459
04273	0.234692
04273	0.361244
04273	0.440213
04273	0.375637
04273	0.305406
04273	0.203536
04273	0.312292
04273	0.455505
04273	0.397398
04273	0.319329
04273	0.251713
04273	0.311496
04381	0.652556
04381	0.701635
04381	0.653388
04381	0.567083
04381	0.593538
04381	0.506321
04381	0.626435
04381	0.631650
04381	0.567528
04472	0.462601
04472	0.391035
04472	0.434547
04472	0.463617
04472	0.588408
04472	0.502419
04472	0.457142
04472	0.495081
04472	0.519422
04472	0.633264
04472	0.507909
04472	0.478424
04472	0.496733
04472	0.423266
04472	0.579709
04539	0.435815
04539	0.285739
04539	0.370071
04539	0.288101
04539	0.542612
04539	0.360166
04539	0.302723
04539	0.340918
04539	0.268649
04539	0.442567
04539	0.572404
04539	0.355880
04539	0.444416
04539	0.389304
04539	0.500535
04673	0.552515
04673	0.514223
04673	0.488631
04673	0.437175
04673	0.320430
04673	0.449501
04673	0.460751
04673	0.344947
04673	0.341411
04673	0.225663
04673	0.588835
04673	0.563520
04673	0.541341
04673	0.507049
04673	0.350876
04772	0.249220
04772	0.231355
04772	0.245562
04772	0.274122
04772	0.165903
04772	0.220521
04772	0.312918
04772	0.311296
04772	0.270931
04772	0.205510
04772	0.317239
04772	0.230679
04772	0.232610
04772	0.287472
04772	0.180493
04927	0.335539
04927	0.349592
04927	0.371673
04927	0.317837
04927	0.361397
04927	0.382772
04927	0.369951
04927	0.344147
04927	0.334184
04927	0.357703
04927	0.378862
04927	0.318552
04927	0.285998
04927	0.308584
04927	0.355409
04927	0.273357
04887	0.219031
04887	0.283024
04887	0.279559
04887	0.236348
04887	0.219717
04887	0.353367
04887	0.294539
04887	0.347261
04887	0.183267
04887	0.382636
04887	0.196120
04887	0.323196
04790	0.361568
04790	0.363515
04790	0.354418
04790	0.353523
04790	0.467768
04790	0.390766
04790	0.409414
04790	0.345175
04790	0.383742
04790	0.458686
04790	0.391012
04790	0.334328
04790	0.393510
04790	0.338476
04790	0.406941
04417	0.380627
04417	0.342453
04417	0.462487
04417	0.334793
04417	0.242898
04417	0.364925
04417	0.334233
04417	0.240902
04417	0.459467
04394	0.779312
04394	0.409111
04394	0.286596
04394	0.870501
04394	0.364437
04394	0.246870
04394	0.742591
04394	0.234372
04394	0.179420
04650	0.254629
04650	0.313383
04650	0.200214
04650	0.158378
04650	0.165273
04650	0.422666
04650	0.443728
04650	0.338014
04650	0.283279
04650	0.335714
04650	0.399954
04650	0.417546
04650	0.345192
04650	0.286593
04650	0.348698
04221	0.223985
04221	0.344271
04221	0.267468
04221	0.284358
04221	0.264995
04221	0.239887
04221	0.335941
04221	0.264046
04221	0.273091
04221	0.261474
04221	0.253071
04221	0.348239
04221	0.284949
04221	0.293748
04221	0.265512
04507	0.468500
04507	0.330283
04507	0.362620
04507	0.533134
04507	0.374450
04507	0.368734
04507	0.444934
04507	0.357498
04507	0.346863
04765	0.260233
04765	0.354361
04765	0.345938
04765	0.338461
04765	0.255125
04765	0.271778
04765	0.203588
04765	0.240893
04765	0.248958
04765	0.210234
04765	0.272183
04765	0.211016
04765	0.257240
04765	0.229796
04765	0.253954
04309	0.275937
04309	0.302383
04309	0.287571
04309	0.227308
04309	0.312917
04309	0.309556
04309	0.296299
04309	0.312078
04309	0.229115
04309	0.324476
04309	0.376950
04309	0.336122
04309	0.389280
04309	0.285913
04309	0.431851
04786	0.152063
04786	0.201820
04786	0.133438
04786	0.120970
04786	0.106742
04786	0.156968
04786	0.194302
04786	0.145648
04786	0.118948
04786	0.110997
04786	0.211414
04786	0.196746
04786	0.152307
04786	0.135581
04786	0.127875
04749	0.481159
04749	0.380820
04749	0.412864
04749	0.343418
04749	0.402456
04749	0.457386
04749	0.389712
04749	0.410357
04749	0.403170
04749	0.415970
04749	0.459663
04749	0.400951
04749	0.405788
04749	0.396953
04749	0.422148
04746	0.265775
04746	0.171273
04746	0.223028
04746	0.223296
04746	0.335530
04746	0.233158
04746	0.181528
04746	0.243166
04746	0.246825
04746	0.309480
04746	0.256817
04746	0.167488
04746	0.259040
04746	0.225900
04746	0.339393
04322	0.346585
04322	0.448126
04322	0.351220
04322	0.401159
04322	0.244221
04322	0.304798
04322	0.445457
04322	0.482000
04322	0.302593
04322	0.407285
04322	0.298354
04322	0.342390
04361	0.311888
04361	0.282950
04361	0.326640
04361	0.414193
04361	0.355608
04361	0.387458
04361	0.431993
04361	0.346854
04361	0.400657
04361	0.385917
04361	0.416265
04361	0.393105
04886	0.101282
04886	0.132486
04886	0.332489
04337	0.342791
04337	0.333567
04337	0.321599
04337	0.273137
04337	0.364757
04337	0.346740
04337	0.254105
04337	0.382408
04337	0.341823
04907	0.195935
04907	0.272946
04907	0.391672
04907	0.424180
04907	0.184837
04907	0.236368
04907	0.329906
04907	0.443661
04907	0.439403
04907	0.243449
04907	0.234961
04907	0.320451
04907	0.425187
04907	0.428376
04907	0.246205
04907	0.259061
04907	0.328694
04907	0.474853
04907	0.462692
04907	0.251229
04587	0.516224
04587	0.551459
04587	0.765951
04587	0.504094
04587	0.517527
04587	0.363171
04587	0.409462
04587	0.626597
04587	0.326619
04587	0.332601
04587	0.305141
04587	0.412167
04587	0.599467
04587	0.327957
04587	0.318112
04201	0.392280
04201	0.273482
04201	0.368603
04201	0.412775
04201	0.469915
04201	0.414493
04201	0.309920
04201	0.333497
04201	0.320787
04201	0.385966
04201	0.381920
04201	0.284628
04201	0.291960
04201	0.363263
04201	0.397848
04427	0.356040
04427	0.352530
04427	0.390705
04427	0.297970
04427	0.324407
04427	0.262807
04427	0.280207
04427	0.374887
04427	0.276663
04427	0.337359
04427	0.290450
04427	0.326624
04427	0.372885
04427	0.284863
04427	0.345166
04782	0.241523
04782	0.204040
04782	0.257316
04782	0.232847
02463	0.234935
02463	0.378723
02463	0.292908
02463	0.351297
02463	0.390782
02463	0.249497
02463	0.342941
02463	0.307779
02463	0.322678
02463	0.383400
02463	0.244183
02463	0.358663
02463	0.307437
02463	0.340698
02463	0.359241
04758	0.234175
04758	0.319366
04758	0.279862
04758	0.242200
04758	0.357938
04758	0.179302
04758	0.216525
04758	0.204581
04758	0.180177
04758	0.262901
04758	0.188106
04758	0.233592
04758	0.228665
04758	0.178410
04758	0.190529
04577	0.241153
04577	0.279079
04577	0.237520
04577	0.328692
04577	0.296502
04577	0.308729
04577	0.320104
04577	0.270926
04577	0.385124
04387	0.170474
04387	0.266858
04387	0.235588
04387	0.241682
04387	0.112777
04387	0.264016
04387	0.184655
04387	0.147011
04387	0.181697
04387	0.196877
04387	0.200470
04387	0.235575
04387	0.153161
04387	0.193228
04387	0.149202
04471	0.236124
04471	0.378033
04471	0.289220
04471	0.262160
04471	0.348350
04471	0.409834
04471	0.542771
04471	0.446380
04471	0.376712
04471	0.534501
04471	0.283925
04471	0.379736
04471	0.351877
04471	0.297177
04471	0.397373
04821	0.356324
04821	0.439161
04821	0.389063
04821	0.397691
04821	0.432674
04821	0.339123
04821	0.373187
04821	0.375291
04821	0.362163
04821	0.359393
04821	0.416045
04821	0.468291
04821	0.450038
04821	0.473394
04821	0.334299
04522	0.199490
04522	0.259815
04522	0.305971
04522	0.181047
04522	0.264442
04522	0.210625
04522	0.286227
04522	0.312962
04522	0.208701
04522	0.275053
04522	0.206028
04522	0.271024
04522	0.292213
04522	0.174384
04522	0.259582
04726	0.333547
04726	0.360851
04726	0.404573
04726	0.223302
04726	0.250046
04726	0.360776
04726	0.390713
04726	0.382026
04726	0.213122
04726	0.259374
04726	0.351242
04726	0.363538
04726	0.335472
04726	0.232828
04726	0.271303
04832	0.367237
04832	0.285854
04832	0.268260
04832	0.394214
04832	0.336200
04832	0.493486
04832	0.369611
04832	0.258766
04832	0.502482
04832	0.432836
04832	0.461081
04832	0.262965
04832	0.200869
04832	0.469702
04832	0.387120
04312	0.387008
04312	0.203367
04312	0.310218
04312	0.315749
04312	0.169030
04312	0.318774
04312	0.315354
04312	0.232120
04312	0.233296
04766	0.322203
04766	0.355450
04766	0.397440
04777	0.277481
04777	0.315193
04777	0.177053
04777	0.180743
04777	0.208193
04777	0.335352
04777	0.377793
04777	0.180921
04777	0.166589
04777	0.206731
04777	0.306271
04777	0.322371
04777	0.190827
04777	0.167006
04777	0.168211
04368	0.335435
04368	0.338707
04368	0.285897
04368	0.351250
04368	0.329430
04368	0.286861
04368	0.364761
04368	0.398521
04368	0.360631
04814	0.272809
04814	0.206794
04814	0.228747
04814	0.298445
04814	0.296680
04814	0.244644
04814	0.257599
04814	0.287522
04814	0.252392
04814	0.195469
04814	0.233642
04814	0.277544
04632	0.266760
04632	0.371107
04632	0.264984
04632	0.354479
04632	0.310777
04632	0.294004
04632	0.348367
04632	0.301809
04632	0.313047
04632	0.453119
04632	0.320968
04632	0.381593
04632	0.263314
04632	0.450399
04632	0.302902
04320	0.356321
04320	0.467600
04320	0.290314
04320	0.312169
04320	0.442608
04320	0.584525
04320	0.374077
04320	0.340329
04320	0.335777
04320	0.454741
04320	0.263169
04320	0.337171
04889	0.607270
04889	0.685156
04889	0.277482
04889	0.556648
04889	0.596185
04889	0.196608
04889	0.617493
04889	0.619154
04889	0.288752
04344	0.373695
04344	0.296119
04344	0.221540
04344	0.282125
04344	0.207519
04344	0.192302
04344	0.371202
04344	0.309429
04344	0.268017
04410	0.289327
04410	0.429893
04410	0.711316
04410	0.216146
04410	0.400856
04410	0.648861
04410	0.199312
04410	0.403119
04410	0.684311
04446	0.397089
04446	0.366463
04446	0.427032
04446	0.267709
04446	0.297722
04446	0.530059
04446	0.539013
04446	0.546255
04446	0.395844
04446	0.411991
04446	0.537547
04446	0.482071
04446	0.485732
04446	0.377953
04446	0.380386
04656	0.336945
04656	0.337036
04656	0.267085
04656	0.270238
04656	0.333089
04656	0.317042
04656	0.292849
04656	0.294525
04656	0.370818
04656	0.375045
04656	0.339751
04656	0.346956
04856	0.234088
04856	0.362866
04856	0.285086
04856	0.272703
04856	0.254019
04856	0.304631
04856	0.464901
04856	0.332258
04856	0.419191
04856	0.277154
04856	0.286382
04856	0.425143
04856	0.286715
04856	0.395005
04856	0.279344
04702	0.444184
04702	0.602408
04702	0.547548
04702	0.376110
04702	0.420337
04702	0.331771
04702	0.477264
04702	0.390519
04702	0.205889
04702	0.264338
04702	0.527387
04702	0.495090
04702	0.489204
04702	0.227435
04702	0.296926
04922	0.197457
04922	0.280040
04922	0.361358
04922	0.119389
04922	0.241638
04922	0.287333
04922	0.175147
04922	0.283964
04922	0.291804
04922	0.261485
04922	0.360160
04922	0.344390
04731	0.346356
04731	0.279922
04731	0.312978
04731	0.350053
04731	0.483363
04731	0.346878
04731	0.349752
04731	0.322024
04731	0.250998
04731	0.436365
04731	0.371144
04731	0.370181
04731	0.374695
04731	0.366808
04731	0.516015
04628	0.340233
04628	0.316995
04628	0.294399
04628	0.388347
04628	0.392265
04628	0.299738
04628	0.300895
04628	0.282775
04628	0.365536
04628	0.374163
04628	0.331853
04628	0.267657
04628	0.251298
04628	0.351630
04628	0.350131
04212	0.274982
04212	0.266370
04212	0.384045
04212	0.336426
04212	0.303427
04212	0.254359
04212	0.378858
04212	0.324609
04212	0.254465
04212	0.229637
04212	0.364035
04212	0.325071
04386	0.352825
04386	0.394299
04386	0.340177
04386	0.379570
04386	0.325390
04386	0.310593
04386	0.288879
04386	0.313175
04386	0.377329
04386	0.367674
04386	0.309741
04386	0.296687
04404	0.164809
04404	0.259749
04404	0.328912
04404	0.208796
04404	0.259313
04404	0.276333
04404	0.330301
04404	0.246294
04404	0.357723
04404	0.308836
04404	0.332325
04404	0.352635
04350	0.348375
04350	0.324318
04350	0.205616
04350	0.276565
04350	0.326456
04350	0.298560
04350	0.254363
04350	0.285159
04350	0.328137
04350	0.335619
04350	0.215365
04350	0.283090
04585	0.564472
04585	0.513129
04585	0.582739
04585	0.391464
04585	0.452050
04585	0.610040
04585	0.605301
04585	0.625559
04585	0.487097
04585	0.573456
04585	0.535727
04585	0.464928
04585	0.565030
04585	0.344481
04585	0.389014
04529	0.303270
04529	0.265282
04529	0.337444
04683	0.258834
04683	0.269662
04683	0.101916
04683	0.145918
04683	0.310697
04683	0.263846
04683	0.161853
04683	0.177187
04683	0.235755
04683	0.276939
04683	0.194585
04683	0.275796
04936	0.222140
04936	0.309875
04936	0.287087
04936	0.261150
04936	0.294834
04936	0.204508
04936	0.264012
04936	0.231674
04936	0.262576
04936	0.281437
04936	0.222510
04936	0.274644
04936	0.256665
04936	0.325440
04936	0.321121
04936	0.285079
04936	0.350901
04936	0.341348
04936	0.384902
04936	0.391772
04508	0.405892
04508	0.425117
04508	0.359142
04508	0.356151
04508	0.373304
04508	0.358017
04508	0.352439
04508	0.314962
04508	0.300746
04508	0.282159
04508	0.295404
04508	0.358164
04508	0.263620
04508	0.292283
04508	0.287116
04514	0.368810
04514	0.583891
04514	0.424272
04514	0.476965
04514	0.378330
04514	0.508612
04514	0.696381
04514	0.510147
04514	0.546260
04514	0.497606
04514	0.417238
04514	0.582699
04514	0.466044
04514	0.420955
04514	0.421841
04824	0.062817
04824	0.050988
04824	0.267266
04824	0.104031
04824	0.078112
04824	0.247629
04580	0.235274
04580	0.292775
04580	0.214191
04580	0.285614
04580	0.295069
04580	0.291923
04580	0.260888
04580	0.248631
04580	0.266054
04580	0.313078
04580	0.260709
04580	0.283983
04580	0.212966
04580	0.291265
04580	0.302114
04676	0.249591
04676	0.347875
04676	0.454470
04676	0.228676
04676	0.342151
04676	0.474448
04676	0.233513
04676	0.335592
04676	0.471331
04928	0.855073
04928	0.639611
04928	0.550112
04928	0.568499
04928	0.431940
04928	0.827921
04928	0.616964
04928	0.565176
04928	0.518425
04928	0.399501
04928	0.718088
04928	0.580504
04928	0.440466
04928	0.491437
04928	0.361132
04928	0.780788
04928	0.582782
04928	0.467499
04928	0.473969
04928	0.331264
04370	0.640395
04370	0.422521
04370	0.548691
04370	0.403819
04370	0.527631
04370	0.538381
04370	0.303654
04370	0.485239
04370	0.290451
04370	0.333740
04370	0.556004
04370	0.387792
04370	0.492210
04370	0.255975
04370	0.409222
04502	0.372227
04502	0.234864
04502	0.565099
04502	0.468683
04502	0.324558
04502	0.202344
04502	0.440018
04502	0.364213
04502	0.374728
04502	0.275177
04502	0.509417
04502	0.439498
04531	0.393599
04531	0.403601
04531	0.311003
04531	0.365698
04531	0.445991
04531	0.483065
04531	0.419399
04531	0.299785
04531	0.375769
04531	0.356471
04531	0.469177
04531	0.413661
04531	0.248408
04531	0.276614
04531	0.428449
04705	0.565831
04705	0.357372
04705	0.427487
04705	0.594097
04705	0.470009
04705	0.268322
04705	0.323402
04705	0.467175
04705	0.483768
04705	0.370326
04705	0.346090
04705	0.462665
04764	0.353735
04764	0.436182
04764	0.225078
04764	0.259360
04764	0.396695
04764	0.468967
04764	0.265276
04764	0.302503
04764	0.367940
04764	0.431965
04764	0.270882
04764	0.302569
04311	0.608483
04311	0.717295
04311	0.619008
04311	0.435483
04311	0.486884
04311	0.594193
04311	0.718316
04311	0.574059
04311	0.456331
04311	0.518791
04311	0.584652
04311	0.679324
04311	0.578306
04311	0.419390
04311	0.459936
04719	0.429831
04719	0.270953
04719	0.344838
04719	0.467381
04719	0.330851
04719	0.437931
04719	0.274583
04719	0.379907
04719	0.476182
04719	0.361960
04719	0.446137
04719	0.222885
04719	0.392610
04719	0.502750
04719	0.346862
04774	0.234347
04774	0.242791
04774	0.232168
04774	0.194156
04774	0.202416
04774	0.242948
04774	0.155721
04774	0.218547
04774	0.241976
04750	0.496043
04750	0.324824
04750	0.425922
04750	0.278690
04750	0.388860
04750	0.609465
04750	0.360320
04750	0.502137
04750	0.310531
04750	0.397502
04750	0.567491
04750	0.298498
04750	0.449794
04750	0.280672
04750	0.336225
04537	0.235732
04537	0.383122
04537	0.286599
04537	0.274214
04537	0.203366
04537	0.193443
04537	0.403007
04537	0.234608
04537	0.192024
04537	0.199188
04537	0.269335
04537	0.443111
04537	0.324747
04537	0.281461
04537	0.247242
04893	0.558421
04893	0.543178
04893	0.601859
04893	0.558014
04893	0.535228
04893	0.414197
04893	0.409493
04893	0.521244
04893	0.483674
04893	0.471668
04893	0.521891
04893	0.505704
04893	0.548960
04893	0.501443
04893	0.503247
04629	0.272631
04629	0.300208
04629	0.305737
04629	0.316268
04629	0.265456
04629	0.277225
04629	0.287440
04629	0.314255
04629	0.316450
04629	0.226820
04629	0.233346
04629	0.271540
04629	0.269191
04629	0.268906
04629	0.252479
04840	0.345696
04840	0.259063
04840	0.349311
04840	0.187570
04840	0.222879
04840	0.150571
04840	0.220077
04840	0.309229
04840	0.225001
04830	0.421923
04830	0.396946
04830	0.514302
04830	0.653730
04830	0.376144
04830	0.346747
04830	0.330182
04830	0.498078
04830	0.480487
04830	0.442192
04830	0.453838
04830	0.596314
04914	0.461210
04914	0.455486
04914	0.430734
04914	0.453478
04914	0.358420
04914	0.447440
04914	0.398555
04914	0.405775
04914	0.378736
04914	0.307772
04914	0.478106
04914	0.453047
04914	0.463240
04914	0.453579
04914	0.378505
04914	0.438727
04914	0.418569
04914	0.396092
04914	0.441777
04914	0.371236
04615	0.454030
04615	0.421048
04615	0.378016
04615	0.471717
04615	0.350062
04615	0.429264
04615	0.407760
04615	0.373043
04615	0.434405
04615	0.395157
04615	0.539276
04615	0.496082
04615	0.491901
04615	0.468328
04615	0.365672
04600	0.205606
04600	0.279116
04600	0.254436
04600	0.183426
04600	0.193420
04600	0.166685
04600	0.287888
04600	0.256533
04600	0.169858
04600	0.185914
04600	0.265520
04600	0.274221
04600	0.285651
04600	0.146126
04600	0.179556
04868	0.172861
04868	0.312121
04868	0.305059
04868	0.275964
04868	0.157162
04868	0.297602
04868	0.323793
04868	0.285597
04868	0.139826
04868	0.316233
04868	0.327401
04868	0.242295
04388	0.539679
04388	0.281703
04388	0.376734
04388	0.297504
04388	0.340362
04388	0.574765
04388	0.288496
04388	0.382671
04388	0.348627
04388	0.384297
04388	0.561852
04388	0.254405
04388	0.344511
04388	0.253294
04388	0.374873
04903	0.277941
04903	0.260086
04903	0.380096
04903	0.115639
04903	0.305086
04903	0.322336
04903	0.267261
04903	0.398347
04903	0.116885
04903	0.277656
04903	0.298080
04903	0.245194
04903	0.354567
04903	0.142812
04903	0.298429
04641	0.663477
04641	0.523167
04641	0.605571
04641	0.620964
04641	0.698438
04641	0.504247
04641	0.388482
04641	0.462525
04641	0.471734
04641	0.552168
04641	0.619166
04641	0.481883
04641	0.519257
04641	0.568172
04641	0.617412
04789	0.133319
04789	0.469692
04789	0.383811
04789	0.152003
04789	0.439444
04789	0.346399
04789	0.197252
04789	0.478263
04789	0.382629
04288	0.253480
04288	0.332941
04288	0.255725
04288	0.289168
04288	0.274493
04288	0.330089
04288	0.209736
04288	0.335643
04288	0.292628
04288	0.327900
04288	0.234664
04288	0.298563
04918	0.269549
04918	0.245524
04918	0.285606
04918	0.273455
04918	0.246167
04918	0.277418
04918	0.248373
04918	0.320724
04918	0.213864
04918	0.253505
04918	0.312851
04918	0.214148
04343	0.542546
04343	0.541635
04343	0.538792
04343	0.573228
04343	0.551196
04343	0.448601
04343	0.553256
04343	0.425612
04343	0.485118
04343	0.568722
04343	0.485449
04343	0.625901
04343	0.477586
04343	0.547639
04343	0.570561
04933	0.187418
04933	0.186037
04933	0.222686
04933	0.245807
04933	0.221801
04933	0.242634
04933	0.259456
04933	0.193850
04933	0.281344
04933	0.280266
04933	0.236707
04933	0.241811
04878	0.282027
04878	0.336492
04878	0.165248
04878	0.298535
04878	0.752478
04878	0.348930
04878	0.440468
04878	0.279465
04878	0.402096
04878	0.835912
04878	0.385188
04878	0.301469
04878	0.355600
04878	0.424872
04878	0.774852
04442	0.191640
04442	0.258794
04442	0.181028
04442	0.244818
04442	0.247400
04442	0.191105
04442	0.327567
04442	0.198853
04442	0.227716
04442	0.220897
04442	0.189317
04442	0.327528
04442	0.192944
04442	0.277417
04442	0.270219
04485	0.486992
04485	0.531362
04485	0.369870
04485	0.350631
04485	0.478376
04485	0.476899
04485	0.578686
04485	0.440908
04485	0.415727
04485	0.553696
04485	0.408386
04485	0.457381
04485	0.318410
04485	0.277159
04485	0.382441
04449	0.343783
04449	0.296035
04449	0.403816
04449	0.238760
04449	0.294241
04449	0.372637
04449	0.317249
04449	0.385352
04449	0.253105
04449	0.334967
04449	0.311747
04449	0.308685
04449	0.352805
04449	0.280959
04449	0.219979
04548	0.571213
04548	0.519150
04548	0.337362
04548	0.577192
04548	0.527963
04548	0.392937
04548	0.561775
04548	0.523568
04548	0.320036
04380	0.124540
04380	0.221503
04380	0.274969
04380	0.266103
04380	0.294896
04380	0.108737
04380	0.187922
04380	0.219061
04380	0.197899
04380	0.277157
04380	0.144558
04380	0.225201
04380	0.295779
04380	0.296579
04380	0.327718
04202	0.449665
04202	0.433701
04202	0.375659
04202	0.419380
04202	0.490748
04202	0.407883
04202	0.382061
04202	0.326718
04202	0.350574
04202	0.442372
04202	0.375654
04202	0.395975
04202	0.334696
04202	0.340987
04202	0.461752
04379	0.642396
04379	0.535907
04379	0.382440
04379	0.433653
04379	0.516885
04379	0.673711
04379	0.479444
04379	0.487537
04379	0.462608
04379	0.505475
04379	0.663680
04379	0.584054
04379	0.428230
04379	0.382443
04379	0.450994
04428	0.434135
04428	0.389929
04428	0.225603
04428	0.210409
04428	0.216992
04428	0.355231
04428	0.321237
04428	0.222016
04428	0.237775
04428	0.205441
04428	0.342766
04428	0.338566
04428	0.203312
04428	0.206356
04428	0.253593
04568	0.242215
04568	0.263425
04568	0.276264
04568	0.285936
04568	0.335578
04568	0.302001
04568	0.299241
04568	0.321136
04568	0.328850
04568	0.353289
04568	0.313798
04568	0.291052
04568	0.287686
04568	0.265733
04568	0.313963
04334	0.266642
04334	0.227205
04334	0.239992
04334	0.209394
04334	0.200244
04334	0.248939
04334	0.198304
04334	0.218617
04334	0.184784
04334	0.193261
04334	0.238753
04334	0.207782
04334	0.220093
04334	0.194883
04334	0.188684
04644	0.402015
04644	0.314987
04644	0.270969
04644	0.389672
04644	0.489213
04644	0.440405
04644	0.265178
04644	0.431145
04644	0.469891
04644	0.351150
04644	0.304187
04644	0.405961
04579	0.239188
04579	0.342706
04579	0.414204
04579	0.409054
04579	0.376139
04579	0.378327
04579	0.360988
04579	0.429095
04579	0.404355
04579	0.415973
04579	0.342800
04579	0.327278
04579	0.446212
04579	0.373130
04579	0.366847
04785	0.465214
04785	0.371318
04785	0.436880
04785	0.426901
04785	0.446699
04785	0.495049
04785	0.356263
04785	0.443005
04785	0.413430
04785	0.432123
04785	0.365729
04785	0.261227
04785	0.365879
04785	0.279462
04785	0.333733
04849	0.195045
04849	0.221670
04849	0.198230
04849	0.129760
04849	0.198269
04849	0.221213
04849	0.214543
04849	0.143798
04849	0.196951
04849	0.215273
04849	0.191494
04849	0.115461
04222	0.179606
04222	0.241465
04222	0.252608
04222	0.377138
04222	0.358720
04222	0.394631
04222	0.305405
04222	0.400375
04222	0.525604
04222	0.476805
04222	0.320479
04222	0.331947
04222	0.398578
04222	0.545718
04222	0.435616
04717	0.443128
04717	0.705227
04717	0.486163
04717	0.471331
04717	0.452689
04717	0.383816
04717	0.455059
04717	0.482383
04717	0.417199
04720	0.481964
04720	0.396565
04720	0.390473
04720	0.319482
04720	0.327121
04720	0.467180
04720	0.364285
04720	0.392592
04720	0.305478
04720	0.315915
04720	0.441746
04720	0.271281
04720	0.324370
04720	0.252793
04720	0.246434
04606	0.414336
04606	0.415441
04606	0.277611
04606	0.302837
04606	0.547037
04606	0.479116
04606	0.336439
04606	0.398342
04606	0.327921
04606	0.304091
04606	0.295521
04606	0.304501
04822	0.218956
04822	0.255623
04822	0.213823
04822	0.174968
04822	0.169784
04822	0.165107
04822	0.203306
04822	0.185689
04822	0.105293
04822	0.144886
04822	0.200598
04822	0.233235
04822	0.237080
04822	0.169077
04822	0.130891
04929	0.266129
04929	0.213446
04929	0.162851
04929	0.206843
04929	0.318889
04929	0.269161
04929	0.224518
04929	0.287895
04929	0.283086
04929	0.246649
04929	0.197283
04929	0.279004
04929	0.362356
04929	0.277736
04929	0.256289
04929	0.301954
04429	0.278676
04429	0.272010
04429	0.132799
04429	0.289715
04429	0.260701
04429	0.223784
04429	0.247826
04429	0.256038
04429	0.141576
04854	0.485843
04854	0.453146
04854	0.474370
04854	0.442689
04854	0.449312
04854	0.418981
04854	0.412970
04854	0.376778
04854	0.397499
04854	0.338654
04854	0.376410
04854	0.343608
04780	0.245716
04780	0.284840
04780	0.223978
04780	0.273559
04780	0.385710
04780	0.449662
04780	0.302647
04780	0.307396
04780	0.449700
04780	0.387158
04780	0.479385
04780	0.350028
04780	0.308195
04780	0.484105
04780	0.334482
04869	0.556548
04869	0.454281
04869	0.587338
04869	0.494509
04869	0.402975
04869	0.621443
04869	0.515761
04869	0.682538
04869	0.516384
04869	0.446725
04869	0.585979
04869	0.473624
04869	0.621615
04869	0.529892
04869	0.417939
04261	0.293218
04261	0.251621
04261	0.224137
04261	0.213818
04261	0.300549
04261	0.272782
04261	0.237204
04261	0.246071
04261	0.372118
04261	0.342202
04261	0.310211
04261	0.333326
04286	0.396413
04286	0.408788
04286	0.622394
04286	0.439908
04286	0.569724
04286	0.373154
04286	0.392930
04286	0.588192
04286	0.427387
04286	0.510076
04286	0.363300
04286	0.405088
04286	0.628585
04286	0.379243
04286	0.534829
04768	0.388292
04768	0.331037
04768	0.382206
04768	0.382769
04768	0.362765
04768	0.397658
04768	0.330742
04768	0.385371
04768	0.402245
04768	0.377834
04768	0.392564
04768	0.358465
04768	0.376496
04768	0.386297
04768	0.369702
04460	0.529104
04460	0.416671
04460	0.485624
04460	0.446151
04460	0.475248
04460	0.551600
04460	0.414555
04460	0.524042
04460	0.381955
04460	0.486162
04460	0.510286
04460	0.442277
04460	0.511646
04460	0.479122
04460	0.514548
04610	0.395092
04610	0.242814
04610	0.309194
04610	0.371349
04610	0.257235
04610	0.289780
04610	0.415491
04610	0.296998
04610	0.360540
04921	0.393319
04921	0.485974
04921	0.552382
04921	0.519988
04921	0.507505
04921	0.575819
04921	0.585105
04921	0.621494
04921	0.447963
04921	0.518312
04921	0.529982
04921	0.527826
04921	0.546394
04921	0.583137
04921	0.596769
04921	0.615382
04542	0.434703
04542	0.386953
04542	0.569215
04542	0.471635
04542	0.343225
04542	0.598433
04542	0.515239
04542	0.703075
04542	0.512595
04542	0.450764
04542	0.521352
04542	0.472842
04542	0.715444
04542	0.463484
04542	0.409247
04688	0.352388
04688	0.514390
04688	0.434875
04688	0.492530
04688	0.443917
04688	0.433471
04688	0.636673
04688	0.539330
04688	0.594604
04688	0.529519
04319	0.268798
04319	0.279566
04319	0.409782
04319	0.403585
04319	0.460192
04319	0.246600
04319	0.249573
04319	0.343962
04319	0.392865
04319	0.439092
04319	0.280076
04319	0.276311
04319	0.365203
04319	0.365803
04319	0.474620
04645	0.161064
04645	0.135579
04645	0.216315
04645	0.245088
04645	0.235802
04645	0.316031
04645	0.278014
04645	0.347065
04645	0.396715
04645	0.364061
04645	0.243095
04645	0.221046
04645	0.316162
04645	0.333410
04645	0.316097
04778	0.441307
04778	0.608089
04778	0.533563
04778	0.603048
04778	0.300796
04778	0.427140
04778	0.559218
04778	0.475492
04778	0.550484
04778	0.246134
04778	0.423519
04778	0.584754
04778	0.482884
04778	0.588665
04778	0.178692
04558	0.416474
04558	0.230810
04558	0.268984
04558	0.413476
04558	0.460087
04558	0.394252
04558	0.396924
04558	0.458803
04558	0.592188
04558	0.621249
04558	0.499282
04558	0.178739
04558	0.202008
04558	0.495871
04558	0.500061
04327	0.388622
04327	0.461779
04327	0.380109
04327	0.519529
04327	0.434677
04327	0.431504
04327	0.548744
04327	0.424361
04327	0.568862
04327	0.474389
04327	0.292596
04327	0.338412
04327	0.326751
04327	0.392046
04327	0.374558
04813	0.293372
04813	0.279524
04813	0.328793
04813	0.226032
04813	0.196322
04813	0.183057
04813	0.275126
04813	0.130720
04813	0.303057
04813	0.268000
04813	0.396694
04813	0.181605
04831	0.285733
04831	0.283487
04831	0.270855
04831	0.257161
04831	0.297769
04831	0.261434
04831	0.275544
04831	0.190675
04831	0.303771
04831	0.300669
04831	0.298708
04831	0.250747
04872	0.246049
04872	0.341851
04872	0.390057
04493	0.396372
04493	0.371673
04493	0.467016
04493	0.466499
04493	0.465235
04493	0.456862
04493	0.301681
04493	0.308261
04493	0.416684
04727	0.300790
04727	0.521370
04727	0.467877
04727	0.231214
04727	0.367099
04727	0.264279
04727	0.543135
04727	0.404436
04727	0.234808
04727	0.321480
04727	0.346299
04727	0.500379
04727	0.443041
04727	0.288465
04727	0.401913
04556	0.237932
04556	0.235240
04556	0.311492
04556	0.206728
04556	0.188690
04556	0.228937
04556	0.204102
04556	0.292478
04556	0.213477
04556	0.178119
04556	0.239967
04556	0.243138
04556	0.305084
04556	0.215747
04556	0.192710
04836	0.460015
04836	0.309588
04836	0.433163
04836	0.264924
04836	0.344487
04836	0.580588
04836	0.377587
04836	0.533179
04836	0.231270
04836	0.369633
04836	0.517371
04836	0.299910
04836	0.470511
04836	0.228675
04836	0.309185
04882	0.294426
04882	0.349631
04882	0.181007
04882	0.213779
04882	0.287934
04882	0.337564
04882	0.161739
04882	0.200643
04882	0.299448
04882	0.362128
04882	0.182976
04882	0.209506
04347	0.412254
04347	0.408035
04347	0.427819
04347	0.283217
04347	0.280003
04347	0.463243
04347	0.450305
04347	0.463098
04347	0.307594
04347	0.225815
04347	0.502689
04347	0.524376
04347	0.491975
04347	0.372771
04347	0.302675
04631	0.313237
04631	0.324375
04631	0.258728
04631	0.195533
04631	0.201230
04631	0.300031
04631	0.314784
04631	0.235817
04631	0.166443
04631	0.173108
04631	0.297452
04631	0.297307
04631	0.262166
04631	0.171895
04631	0.174592
04376	0.329852
04376	0.271546
04376	0.274249
04376	0.310274
04376	0.330285
04376	0.392847
04376	0.295465
04376	0.275681
04376	0.309057
04376	0.317244
04376	0.392023
04376	0.351883
04376	0.321273
04376	0.342023
04376	0.348283
04810	0.301716
04810	0.278744
04810	0.305972
04810	0.338119
04810	0.323102
04810	0.285536
04810	0.318435
04810	0.298077
04810	0.351905
04810	0.318363
04810	0.358904
04810	0.394952
04324	0.462100
04324	0.537711
04324	0.325863
04324	0.351576
04324	0.476135
04324	0.516289
04324	0.338880
04324	0.341654
04324	0.462225
04324	0.550417
04324	0.316122
04324	0.312685
04300	0.335485
04300	0.328036
04300	0.228161
04300	0.367672
04300	0.554851
04300	0.344314
04300	0.364634
04300	0.317473
04300	0.440486
04300	0.638570
04300	0.317366
04300	0.261874
04300	0.241904
04300	0.333165
04300	0.517289
04622	0.466027
04622	0.436427
04622	0.490497
04622	0.592412
04622	0.380333
04622	0.404936
04622	0.500348
04622	0.512084
04622	0.382464
04622	0.299486
04622	0.435383
04622	0.388063
04745	0.420569
04745	0.433339
04745	0.334306
04745	0.410228
04745	0.514457
04745	0.392807
04745	0.391473
04745	0.288448
04745	0.327348
04745	0.424946
04745	0.386064
04745	0.411759
04745	0.305951
04745	0.345804
04745	0.441350
04323	0.456581
04323	0.562519
04323	0.424866
04323	0.484277
04323	0.541792
04323	0.523760
04323	0.434156
04323	0.502211
04323	0.404428
04818	0.498953
04818	0.489212
04818	0.443899
04818	0.444658
04818	0.407771
04818	0.552745
04818	0.495907
04818	0.385310
04818	0.330751
04818	0.306102
04818	0.555256
04818	0.479663
04818	0.383140
04818	0.342653
04818	0.363993
04434	0.264357
04434	0.330322
04434	0.165036
04434	0.238473
04434	0.312402
04434	0.129359
04434	0.326362
04434	0.407656
04434	0.192716
04646	0.238268
04646	0.193534
04646	0.116915
04646	0.218493
04646	0.187703
04646	0.158382
04302	0.219431
04302	0.402535
04302	0.256003
04302	0.282323
04302	0.306811
04302	0.209668
04302	0.293391
04302	0.196225
04302	0.196614
04302	0.186199
04302	0.196212
04302	0.294723
04302	0.175987
04302	0.159234
04302	0.162672
04524	0.151028
04524	0.200489
04524	0.224578
04524	0.180682
04524	0.388996
04524	0.259466
04524	0.249824
04524	0.284401
04524	0.155159
04524	0.289014
04524	0.234034
04524	0.278117
04524	0.248079
04524	0.236317
04524	0.430963
04203	0.150358
04203	0.317914
04203	0.208830
04203	0.273632
04203	0.331259
04203	0.141552
04203	0.324559
04203	0.211799
04203	0.280478
04203	0.327801
04203	0.141947
04203	0.287057
04203	0.195126
04203	0.220351
04203	0.370250
04603	0.260264
04603	0.240330
04603	0.201314
04603	0.277834
04603	0.196282
04603	0.177421
04603	0.168112
04603	0.204337
04603	0.230818
04603	0.192530
04603	0.123195
04603	0.188985
04549	0.217141
04549	0.205835
04549	0.251775
04549	0.154793
04549	0.240123
04549	0.246606
04549	0.217547
04549	0.248984
04549	0.254727
04597	0.463600
04597	0.335073
04597	0.334490
04597	0.461073
04597	0.377807
04597	0.490810
04597	0.342726
04597	0.344864
04597	0.451729
04597	0.367641
04597	0.499971
04597	0.347852
04597	0.348411
04597	0.456927
04597	0.387430
04904	0.234182
04904	0.159836
04904	0.202072
04904	0.164836
04904	0.174069
04904	0.238446
04904	0.204140
04904	0.213035
04904	0.148200
04904	0.172751
04904	0.288820
04904	0.235946
04904	0.255666
04904	0.215720
04904	0.235481
04256	0.242681
04256	0.345723
04256	0.386808
04256	0.232857
04256	0.372149
04256	0.400464
04256	0.265421
04256	0.333270
04256	0.378369
04884	0.559796
04884	0.643229
04884	0.553701
04884	0.693493
04884	0.280813
04884	0.522202
04884	0.569446
04884	0.504584
04884	0.627172
04884	0.416788
04884	0.535327
04884	0.601795
04884	0.564817
04884	0.682020
04884	0.405254
04561	0.355915
04561	0.345361
04561	0.337819
04561	0.243182
04561	0.223178
04561	0.256465
04561	0.264764
04561	0.232799
04561	0.190422
04561	0.179235
04561	0.332319
04561	0.332852
04561	0.325588
04561	0.244713
04561	0.207606
04635	0.291055
04635	0.312535
04635	0.459567
04635	0.348964
04635	0.295788
04635	0.314663
04635	0.441934
04635	0.342162
04635	0.413956
04635	0.464524
04635	0.468788
04635	0.422102
04533	0.299587
04533	0.344795
04533	0.199236
04533	0.324550
04533	0.361057
04533	0.338528
04533	0.205430
04533	0.337843
04533	0.327306
04533	0.347410
04533	0.183408
04533	0.332626
04431	0.314130
04431	0.309814
04431	0.430667
04431	0.157829
04431	0.313719
04431	0.261130
04431	0.262517
04431	0.374085
04431	0.123301
04431	0.253762
04431	0.303451
04431	0.347121
04431	0.454503
04431	0.210083
04431	0.383390
04815	0.335497
04815	0.354533
04815	0.369534
04815	0.323976
04815	0.386239
04815	0.404340
04815	0.348850
04815	0.348191
04815	0.355090
04815	0.365850
04815	0.399367
04815	0.330389
04815	0.293230
04815	0.328859
04815	0.351670
04876	0.264330
04876	0.506506
04876	0.153925
04876	0.263604
04876	0.255705
04876	0.314059
04876	0.563703
04876	0.193497
04876	0.337706
04876	0.318281
04876	0.395996
04876	0.610176
04876	0.260850
04876	0.395662
04876	0.318163
04839	0.261978
04839	0.309258
04839	0.396003
04839	0.250411
04839	0.266670
04839	0.387574
04839	0.223896
04839	0.239113
04839	0.343560
04681	0.193996
04681	0.356970
04681	0.319980
04681	0.260603
04681	0.295036
04681	0.223896
04681	0.341890
04681	0.305505
04681	0.257441
04681	0.286327
04681	0.231532
04681	0.369141
04681	0.344397
04681	0.278174
04681	0.293827
04365	0.222045
04365	0.216777
04365	0.254056
04365	0.158598
04365	0.175317
04365	0.212334
04365	0.257442
04365	0.328979
04365	0.199120
04365	0.214239
04365	0.210850
04365	0.206158
04365	0.252063
04365	0.170357
04365	0.148498
04850	0.376027
04850	0.448352
04850	0.250528
04850	0.262141
04850	0.332772
04850	0.365502
04850	0.437857
04850	0.245497
04850	0.258385
04850	0.343066
04850	0.385241
04850	0.443857
04850	0.270881
04850	0.284570
04850	0.362368
04217	0.250780
04217	0.163970
04217	0.299092
04217	0.314226
04217	0.280632
04217	0.218186
04217	0.155555
04217	0.259931
04217	0.316738
04217	0.230142
04217	0.329723
04217	0.234434
04217	0.267995
04217	0.384378
04217	0.366415
04651	0.443764
04651	0.304859
04651	0.344006
04651	0.467621
04651	0.327941
04651	0.432731
04651	0.524559
04651	0.302543
04651	0.435889
04743	0.371403
04743	0.366381
04743	0.357738
04743	0.412405
04743	0.409946
04743	0.404564
04743	0.371557
04743	0.394524
04743	0.384998
04433	0.438817
04433	0.471852
04433	0.290425
04433	0.366711
04433	0.347997
04433	0.350903
04433	0.465248
04433	0.468539
04433	0.357251
04366	0.168400
04366	0.158516
04366	0.137336
04915	0.185896
04915	0.196390
04915	0.287896
04915	0.289320
04915	0.200389
04915	0.227550
04915	0.285263
04915	0.274377
04915	0.272104
04915	0.262808
04915	0.352161
04915	0.313570
04915	0.210871
04915	0.200022
04915	0.299783
04915	0.274029
04374	0.478423
04374	0.529420
04374	0.512923
04374	0.547126
04374	0.584403
04374	0.492012
04374	0.529199
04374	0.563712
04374	0.532701
04374	0.583420
04374	0.458400
04374	0.524135
04374	0.504207
04374	0.590600
04374	0.578061
04843	0.316403
04843	0.315187
04843	0.367238
04843	0.312209
04843	0.276035
04843	0.344697
04843	0.319342
04843	0.348749
04843	0.377782
04843	0.340935
04843	0.307698
04843	0.276125
04843	0.364501
04843	0.326589
04843	0.290323
04871	0.227430
04871	0.254345
04871	0.367277
04871	0.312489
04871	0.288033
04871	0.220784
04871	0.214739
04871	0.272761
04871	0.263551
04871	0.255015
04871	0.180705
04871	0.171362
04871	0.281606
04871	0.224613
04871	0.196475
04916	0.162866
04916	0.242881
04916	0.346504
04916	0.504949
04916	0.368325
04916	0.184051
04916	0.245859
04916	0.323005
04916	0.456325
04916	0.339705
04916	0.161112
04916	0.233875
04916	0.350377
04916	0.499169
04916	0.348692
04916	0.211665
04916	0.274793
04916	0.406806
04916	0.518185
04916	0.385906
04523	0.095337
04523	0.244503
04523	0.318482
04523	0.136319
04523	0.225027
04523	0.324413
04523	0.154014
04523	0.235815
04523	0.328325
04931	0.078145
04931	0.109045
04931	0.273218
04931	0.090877
04931	0.099642
04931	0.303127
04513	0.478615
04513	0.561738
04513	0.480650
04513	0.475648
04513	0.349760
04513	0.523904
04513	0.607213
04513	0.568351
04513	0.531119
04513	0.413065
04513	0.539926
04513	0.625296
04513	0.570989
04513	0.556235
04513	0.398069
04662	0.450945
04662	0.363883
04662	0.318254
04662	0.525387
04662	0.413235
04662	0.459426
04662	0.409678
04662	0.313922
04662	0.606626
04662	0.491218
04662	0.411275
04662	0.351755
04662	0.265625
04662	0.521775
04662	0.395238
04684	0.349025
04684	0.306452
04684	0.301846
04684	0.357893
04684	0.477302
04684	0.357487
04684	0.348572
04684	0.351906
04684	0.326749
04684	0.465631
04684	0.366661
04684	0.400106
04684	0.430081
04684	0.368204
04684	0.487534
04609	0.234696
04609	0.225977
04609	0.222954
04609	0.294246
04609	0.220048
04609	0.187072
04609	0.196796
04609	0.220149
04609	0.492408
04609	0.417487
04609	0.475042
04609	0.486896
04760	0.345487
04760	0.397236
04760	0.443824
04760	0.503305
04760	0.393781
04760	0.377769
04760	0.449839
04760	0.474747
04760	0.555727
04760	0.451143
04760	0.281794
04760	0.360870
04760	0.378667
04760	0.447170
04760	0.347481
04848	0.464163
04848	0.386899
04848	0.452848
04848	0.409462
04848	0.354198
04848	0.411799
04848	0.355127
04848	0.401666
04848	0.395697
04848	0.320426
04848	0.461357
04848	0.387735
04848	0.434892
04848	0.407205
04848	0.383779
04593	0.215322
04593	0.247688
04593	0.234627
04593	0.139842
04593	0.247346
04593	0.251051
04593	0.267235
04593	0.261471
04593	0.143871
04593	0.279519
04593	0.215253
04593	0.237946
04593	0.269850
04593	0.158614
04593	0.246588
04829	0.235731
04829	0.167507
04829	0.178146
04829	0.231395
04829	0.234772
04829	0.152070
04829	0.202703
04829	0.216356
04829	0.294276
04829	0.221979
04829	0.228228
04829	0.267078
04463	0.300052
04463	0.162862
04463	0.302056
04463	0.286660
04463	0.279637
04463	0.497515
04463	0.440237
04463	0.385313
04463	0.335649
04463	0.518432
04463	0.567988
04463	0.541244
04463	0.460912
04463	0.356602
04463	0.554975
04488	0.230496
04488	0.298687
04488	0.280361
04488	0.249517
04488	0.313150
04488	0.243677
04488	0.211846
04488	0.270431
04488	0.271857
04316	0.229971
04316	0.242033
04316	0.260791
04316	0.378651
04316	0.449507
04316	0.209931
04316	0.240805
04316	0.249965
04316	0.329867
04316	0.399429
04316	0.186383
04316	0.205971
04316	0.218166
04316	0.326812
04316	0.406865
04714	0.219309
04714	0.188310
04714	0.160247
04714	0.219305
04714	0.193886
04714	0.238016
04714	0.181738
04714	0.190664
04714	0.273335
04714	0.221142
04714	0.312628
04714	0.218145
04714	0.236019
04714	0.300103
04714	0.238794
04817	0.084558
04817	0.086791
04817	0.280865
04408	0.297204
04408	0.379060
04408	0.195298
04408	0.240522
04408	0.223215
04408	0.355799
04408	0.501794
04408	0.324524
04408	0.213621
04408	0.339462
04408	0.352727
04408	0.401341
04408	0.286693
04408	0.183166
04408	0.289159
04796	0.355255
04796	0.314924
04796	0.340656
04796	0.375053
04796	0.361175
04796	0.356240
04796	0.425261
04796	0.444568
04796	0.393172
04796	0.449909
04796	0.452026
04796	0.583685
04796	0.601827
04796	0.534072
04796	0.504186
04718	0.414379
04718	0.428571
04718	0.489528
04718	0.294640
04718	0.312631
04718	0.302003
04718	0.394711
04718	0.426351
04718	0.285395
04718	0.267403
04718	0.396048
04718	0.345079
04718	0.432667
04718	0.315458
04718	0.382452
04456	0.411993
04456	0.539606
04456	0.501218
04456	0.471518
04456	0.455651
04456	0.404978
04456	0.473117
04456	0.461960
04456	0.444055
04456	0.460088
04456	0.492061
04456	0.594520
04456	0.482760
04456	0.540350
04456	0.532817
04598	0.431136
04598	0.396480
04598	0.426063
04598	0.385351
04598	0.299257
04598	0.516015
04598	0.507932
04598	0.523210
04598	0.472350
04598	0.364619
04598	0.474596
04598	0.453999
04598	0.487947
04598	0.398086
04598	0.305930
04419	0.470931
04419	0.513986
04419	0.489662
04419	0.356278
04419	0.364358
04419	0.505868
04419	0.491616
04419	0.503326
04419	0.413161
04419	0.397778
04419	0.495734
04419	0.463032
04419	0.617331
04419	0.366599
04419	0.345618
04477	0.410363
04477	0.490484
04477	0.526113
04477	0.368065
04477	0.503808
04477	0.566959
04477	0.294231
04477	0.386263
04477	0.388569
04596	0.176367
04596	0.223428
04596	0.197810
04596	0.319445
04596	0.213651
04596	0.232749
04596	0.306392
04596	0.305512
04596	0.244444
04596	0.192417
04596	0.139604
04596	0.299587
04596	0.207464
04596	0.378527
04596	0.166671
04693	0.263207
04693	0.265568
04693	0.353793
04693	0.289498
04693	0.352946
04693	0.366205
04693	0.422309
04693	0.363244
04693	0.362245
04693	0.343536
04693	0.403335
04693	0.390944
04901	0.341910
04901	0.310432
04901	0.351536
04901	0.352480
04901	0.304059
04901	0.306471
04901	0.346317
04901	0.311243
04901	0.404150
04901	0.298518
04901	0.391263
04901	0.414034
04901	0.292323
04901	0.377204
04901	0.223029
04647	0.136765
04647	0.266049
04647	0.144236
04647	0.171702
04647	0.207090
04647	0.374564
04647	0.194195
04647	0.199508
04647	0.235518
04647	0.281612
04647	0.158285
04647	0.194357
04213	0.490632
04213	0.486650
04213	0.570171
04213	0.378101
04213	0.333460
04213	0.416256
04213	0.417839
04213	0.376025
04213	0.419809
04233	0.407705
04233	0.464180
04233	0.391248
04233	0.314319
04233	0.300996
04233	0.447099
04233	0.481213
04233	0.516776
04233	0.406990
04233	0.400775
04233	0.380601
04233	0.399505
04233	0.413513
04233	0.311023
04233	0.331289
04519	0.233042
04519	0.292833
04519	0.318471
04519	0.346519
04519	0.227116
04519	0.270191
04519	0.334362
04519	0.311104
04519	0.214445
04519	0.327924
04519	0.329086
04519	0.239480
04924	0.252602
04924	0.196414
04924	0.246013
04924	0.181561
04924	0.164704
04924	0.260786
04924	0.255003
04924	0.245102
04924	0.217954
04924	0.297794
04924	0.258436
04924	0.270925
04794	0.378378
04794	0.606027
04794	0.440126
04794	0.442171
04794	0.357209
04794	0.567457
04794	0.417000
04794	0.332902
04794	0.330746
04794	0.547595
04794	0.397541
04794	0.281361
04767	0.454970
04767	0.555682
04767	0.384697
04767	0.357073
04767	0.242811
04767	0.425406
04767	0.487060
04767	0.452938
04767	0.392403
04767	0.221016
04767	0.449589
04767	0.486776
04767	0.406155
04767	0.337793
04767	0.186517
04301	0.199598
04301	0.188328
04301	0.265689
04301	0.251625
04301	0.297518
04301	0.297044
04301	0.317427
04301	0.270544
04301	0.307668
04301	0.280681
04301	0.412869
04301	0.373451
04612	0.482434
04612	0.438048
04612	0.593482
04695	0.301467
04695	0.407348
04695	0.359839
04695	0.286250
04695	0.309749
04695	0.350378
04695	0.430932
04695	0.418800
04695	0.362899
04695	0.346380
04905	0.372309
04905	0.368792
04905	0.473613
04905	0.414889
04905	0.378842
04905	0.427128
04905	0.472360
04905	0.487795
04905	0.462777
04905	0.429273
04905	0.293268
04905	0.349366
04905	0.376195
04905	0.306850
04905	0.273414
04709	0.409057
04709	0.448594
04709	0.404816
04709	0.416365
04709	0.341084
04709	0.342212
04709	0.392430
04709	0.328582
04709	0.316932
04709	0.224434
04709	0.414136
04709	0.454617
04709	0.405842
04709	0.420222
04709	0.349810
04479	0.518984
04479	0.564071
04479	0.416953
04479	0.288064
04479	0.472112
04479	0.373984
04479	0.424519
04479	0.308744
04479	0.310634
04479	0.407242
04479	0.505572
04479	0.571780
04479	0.383562
04479	0.359587
04479	0.468515
04733	0.307414
04733	0.416324
04733	0.373687
04733	0.303124
04733	0.326435
04733	0.300790
04733	0.375211
04733	0.382373
04733	0.370855
04711	0.376301
04711	0.362836
04711	0.350888
04711	0.319013
04711	0.429381
04711	0.380042
04711	0.363498
04711	0.306913
04711	0.304180
04711	0.384014
04711	0.307254
04711	0.360660
04711	0.354630
04711	0.309838
04711	0.427082
04572	0.170118
04572	0.267254
04572	0.290790
04572	0.298954
04572	0.235762
04667	0.323914
04667	0.301832
04667	0.481751
04667	0.266871
04667	0.274021
04667	0.330895
04667	0.294940
04667	0.457504
04667	0.245561
04667	0.284864
04667	0.355595
04667	0.330805
04667	0.478498
04667	0.294996
04667	0.295238
04855	0.231789
04855	0.341567
04855	0.215338
04855	0.211997
04855	0.355855
04855	0.233242
04855	0.346940
04855	0.260313
04855	0.275705
04855	0.431873
04855	0.197495
04855	0.275373
04855	0.222628
04855	0.237358
04855	0.375814
04735	0.456212
04735	0.321313
04735	0.328268
04735	0.328846
04735	0.315714
04735	0.415539
04735	0.375828
04735	0.424237
04735	0.366927
04735	0.332032
04735	0.346815
04735	0.281621
04735	0.287360
04735	0.277853
04735	0.262007
04331	0.220110
04331	0.154273
04331	0.247805
04331	0.241516
04331	0.188429
04331	0.266568
04331	0.240403
04331	0.169906
04331	0.282911
04652	0.589935
04652	0.458286
04652	0.466423
04652	0.361070
04652	0.398913
04652	0.633461
04652	0.495588
04652	0.500534
04652	0.413252
04652	0.438853
04652	0.528930
04652	0.400588
04652	0.414550
04652	0.335571
04652	0.357037
04880	0.291442
04880	0.251158
04880	0.605900
04880	0.614463
04880	0.300033
04880	0.273227
04880	0.444348
04880	0.456024
04506	0.517609
04506	0.433733
04506	0.588750
04506	0.407451
04506	0.540590
04506	0.374327
04506	0.423174
04506	0.429458
04506	0.310867
04506	0.457298
04506	0.386896
04506	0.435724
04506	0.443226
04506	0.343102
04506	0.463973
04792	0.366817
04792	0.191093
04792	0.281057
04792	0.156753
04792	0.175436
04792	0.302172
04792	0.228308
04792	0.247315
04792	0.167373
04792	0.161946
04792	0.331620
04792	0.220368
04792	0.249817
04792	0.181919
04792	0.127364
04578	0.305506
04578	0.280212
04578	0.388378
04578	0.348468
04578	0.280713
04578	0.226283
04578	0.331838
04578	0.279702
04578	0.255795
04578	0.206225
04578	0.265681
04578	0.230770
04225	0.312907
04225	0.256597
04225	0.239143
04225	0.359620
04225	0.300017
04225	0.273117
04225	0.318304
04225	0.251406
04225	0.242402
04575	0.149839
04575	0.157794
04575	0.203963
04575	0.146729
04575	0.135166
04575	0.181356
04575	0.122270
04575	0.132647
04575	0.196869
04827	0.199028
04827	0.392434
04827	0.226441
04827	0.279307
04827	0.293813
04827	0.258150
04827	0.337683
04827	0.213685
04827	0.206947
04827	0.242422
04827	0.259056
04827	0.355061
04827	0.205531
04827	0.256239
04827	0.266134
04900	0.139108
04900	0.302907
04900	0.135417
04900	0.136624
04900	0.216653
04900	0.202425
04900	0.396124
04900	0.182753
04900	0.187455
04900	0.279641
04900	0.201303
04900	0.364489
04900	0.157622
04900	0.163068
04900	0.250984
04742	0.258853
04742	0.318702
04742	0.158797
04742	0.274169
04742	0.191377
04742	0.235960
04742	0.274182
04742	0.183957
04742	0.235291
04742	0.171653
04742	0.409098
04742	0.437950
04742	0.297861
04742	0.413825
04742	0.305379
04540	0.318579
04540	0.272176
04540	0.248959
04540	0.187265
04540	0.210230
04540	0.230458
04540	0.215291
04540	0.201527
04540	0.148253
04540	0.180172
04540	0.287817
04540	0.244225
04540	0.215276
04540	0.163273
04540	0.175202
04757	0.411065
04757	0.398237
04757	0.271170
04757	0.375753
04757	0.362667
04757	0.239768
04757	0.362664
04757	0.357464
04757	0.215921
04728	0.294997
04728	0.352495
04728	0.210798
04728	0.189965
04728	0.329782
04728	0.395642
04728	0.248368
04728	0.218278
04728	0.278599
04728	0.328711
04728	0.191386
04728	0.196846
04863	0.162734
04863	0.218700
04863	0.254928
04863	0.267985
04863	0.238371
04863	0.254474
04863	0.299751
04863	0.349007
04863	0.319137
04863	0.260617
04863	0.251197
04863	0.290352
04863	0.378373
04863	0.341763
04863	0.253592
04516	0.158212
04516	0.188587
04516	0.347080
04516	0.271975
04516	0.350131
04516	0.161004
04516	0.146187
04516	0.269764
04516	0.200537
04516	0.319249
04516	0.170414
04516	0.182037
04516	0.318539
04516	0.218423
04516	0.342529
04560	0.302883
04560	0.176203
04560	0.176556
04560	0.199482
04560	0.236457
04560	0.385037
04560	0.291974
04560	0.318141
04560	0.313939
04560	0.342685
04560	0.348252
04560	0.192587
04560	0.222981
04560	0.227870
04560	0.258903
04239	0.324280
04239	0.303367
04239	0.376305
04239	0.347354
04239	0.310310
04239	0.350062
04239	0.337531
04239	0.379278
04239	0.389767
04447	0.639606
04447	0.423552
04447	0.558501
04447	0.607832
04447	0.494563
04447	0.496160
04447	0.292695
04447	0.393303
04447	0.463806
04447	0.429997
04447	0.605837
04447	0.372739
04447	0.448500
04447	0.534482
04447	0.447428
04748	0.434298
04748	0.371967
04748	0.373417
04748	0.377811
04748	0.362160
04748	0.452878
04748	0.436906
04748	0.380651
04748	0.363858
04748	0.382267
04748	0.389806
04748	0.368115
04748	0.354493
04748	0.353758
04748	0.326027
04802	0.300068
04802	0.398548
04802	0.513316
04802	0.220694
04802	0.400116
04802	0.551183
04802	0.321262
04802	0.454276
04802	0.574058
04776	0.344813
04776	0.412876
04776	0.368405
04776	0.451649
04776	0.467445
04776	0.430330
04776	0.370530
04776	0.391481
04776	0.390919
04736	0.252517
04736	0.293931
04736	0.237056
04736	0.217722
04736	0.253561
04736	0.260030
04736	0.270725
04736	0.216489
04736	0.216446
04736	0.239640
04736	0.208635
04736	0.195593
04274	0.219936
04274	0.396685
04274	0.337521
04274	0.424944
04274	0.455302
04274	0.277781
04274	0.418155
04274	0.407014
04274	0.366774
04274	0.412941
04274	0.320153
04274	0.507450
04274	0.445497
04274	0.454224
04274	0.482257
04509	0.281511
04509	0.325711
04509	0.264629
04509	0.378076
04509	0.353509
04509	0.394312
04509	0.387725
04509	0.472038
04509	0.298738
04509	0.378981
04509	0.330363
04509	0.383467
04823	0.320760
04823	0.257443
04823	0.374478
04823	0.373930
04823	0.295250
04823	0.352379
04823	0.225342
04823	0.372824
04823	0.339356
04823	0.267545
04823	0.378444
04823	0.202262
04823	0.368173
04823	0.380325
04823	0.283389
04349	0.349607
04349	0.336608
04349	0.323145
04349	0.278512
04349	0.176002
04349	0.279623
04349	0.250116
04349	0.269904
04349	0.201889
04349	0.137273
04349	0.353851
04349	0.331860
04349	0.350254
04349	0.310070
04349	0.172262
04406	0.308958
04406	0.392313
04406	0.321465
04406	0.326372
04406	0.397822
04406	0.296927
04406	0.298723
04406	0.357255
04406	0.271405
04385	0.459306
04385	0.503663
04385	0.472828
04385	0.425147
04385	0.290398
04385	0.607185
04385	0.623637
04385	0.587945
04385	0.535900
04385	0.431505
04795	0.424344
04795	0.380646
04795	0.305607
04675	0.431820
04675	0.500539
04675	0.471003
04675	0.196900
04675	0.506703
04675	0.311452
04675	0.341707
04675	0.299001
04675	0.222486
04675	0.392014
04675	0.374353
04675	0.406825
04675	0.376195
04675	0.173903
04675	0.399192
04626	0.161577
04626	0.188114
04626	0.130295
04626	0.159015
04626	0.203391
04626	0.166093
04626	0.190674
04626	0.145193
04626	0.179141
04626	0.203828
04626	0.172397
04626	0.176167
04626	0.122371
04626	0.148496
04626	0.191237
04351	0.271440
04351	0.293317
04351	0.265523
04351	0.218436
04351	0.261364
04351	0.267128
04351	0.242404
04351	0.319960
04351	0.311823
04351	0.354115
04351	0.314436
04351	0.192185
04512	0.511925
04512	0.395491
04512	0.308848
04512	0.325612
04512	0.363643
04512	0.407174
04512	0.342616
04512	0.332007
04512	0.330253
04512	0.408156
04512	0.519928
04512	0.419880
04512	0.339115
04512	0.396077
04512	0.479429
04806	0.365715
04806	0.330931
04806	0.414527
04806	0.397717
04806	0.349359
04806	0.357343
04806	0.327913
04806	0.388302
04806	0.356855
04806	0.335918
04806	0.363296
04806	0.337429
04806	0.378416
04806	0.363083
04806	0.338207
04588	0.259530
04588	0.294407
04588	0.371727
04588	0.333767
04588	0.396401
04588	0.278746
04588	0.339953
04588	0.402292
04588	0.340435
04588	0.400665
04588	0.284319
04588	0.296938
04588	0.361928
04588	0.338400
04588	0.385118
04842	0.344239
04842	0.299466
04842	0.293888
04842	0.167772
04842	0.198922
04842	0.340801
04842	0.302479
04842	0.295603
04842	0.181553
04842	0.220191
04842	0.293461
04842	0.227735
04842	0.220445
04842	0.160793
04842	0.167605
04756	0.315525
04756	0.401791
04756	0.287940
04756	0.285980
04756	0.289402
04803	0.520774
04803	0.452191
04803	0.251093
04803	0.531743
04803	0.494199
04803	0.298045
04803	0.471349
04803	0.338107
04803	0.244477
04496	0.387320
04496	0.230035
04496	0.320177
04496	0.305834
04496	0.302187
04496	0.241181
04496	0.154250
04496	0.153577
04496	0.164367
04496	0.212567
04496	0.318441
04496	0.239379
04496	0.269839
04496	0.250549
04496	0.306731
04581	0.171823
04581	0.272641
04581	0.294785
04581	0.319544
04581	0.247017
04581	0.195498
04581	0.224540
04581	0.274305
04581	0.210067
04581	0.273325
04581	0.306445
04581	0.323344
04682	0.336557
04682	0.277360
04682	0.489643
04682	0.276227
04682	0.340421
04682	0.335620
04682	0.325535
04682	0.474937
04682	0.280518
04682	0.358870
04682	0.461907
04682	0.494040
04682	0.652447
04682	0.480837
04682	0.558735
04696	0.289272
04696	0.348968
04696	0.293104
04696	0.271617
04696	0.388481
04696	0.235771
04696	0.310561
04696	0.215770
04696	0.215618
04696	0.351120
04696	0.238892
04696	0.298751
04696	0.297418
04696	0.205824
04696	0.391329
04338	0.417977
04338	0.289371
04338	0.307736
04338	0.323132
04338	0.377837
04627	0.280412
04627	0.311917
04627	0.344657
04627	0.241110
04297	0.517808
04297	0.368298
04297	0.359299
04297	0.886748
04297	0.567123
04297	0.452052
04297	0.319356
04297	0.300420
04297	0.819254
04297	0.492530
04297	0.547825
04297	0.380946
04297	0.399375
04297	0.938104
04297	0.583991
04461	0.408045
04461	0.345121
04461	0.324616
04461	0.267623
04461	0.309282
04461	0.462604
04461	0.375687
04461	0.378613
04461	0.303940
04461	0.432160
04461	0.453124
04461	0.413678
04461	0.296597
04461	0.325278
04461	0.287856
04211	0.264395
04211	0.348376
04211	0.369918
04211	0.251880
04211	0.360750
04211	0.380775
04211	0.282528
04211	0.344955
04211	0.397586
04313	0.243175
04313	0.448343
04313	0.169799
04313	0.257957
04313	0.482624
04313	0.191740
04313	0.251935
04313	0.404771
04313	0.236797
04724	0.432275
04724	0.474437
04724	0.572538
04724	0.553589
04724	0.602610
04724	0.386176
04724	0.429366
04724	0.534767
04724	0.496333
04724	0.495229
04724	0.293718
04724	0.352049
04724	0.473654
04724	0.440291
04724	0.418050
04305	0.065219
04305	0.075908
04305	0.052383
04305	0.128760
04305	0.033277
04305	0.061985
04305	0.078052
04305	0.115118
04305	0.159500
04305	0.062433
04305	0.063143
04305	0.063183
04305	0.081178
04305	0.130207
04305	0.047785
04703	0.377551
04703	0.446890
04703	0.296712
04703	0.329559
04703	0.260699
04703	0.310162
04703	0.229897
04703	0.265068
04703	0.355298
04703	0.380399
04703	0.271161
04703	0.325404
04865	0.152723
04865	0.389398
04865	0.211479
04865	0.161673
04865	0.231891
04865	0.222066
04865	0.426057
04865	0.349207
04865	0.246607
04865	0.357977
04865	0.194274
04865	0.336602
04865	0.325735
04865	0.230363
04865	0.206164
