0.507970
0.294995
0.538792
0.305294
0.124490
0.406673
0.411673
0.566666
0.362604
0.157569
0.437085
0.300505
0.510385
0.303402
0.106027
0.355594
0.331024
0.346787
0.399509
0.355580
0.333053
0.329156
0.279706
0.338500
0.313419
0.331187
0.326091
0.306755
0.343466
0.293158
0.407214
0.329266
0.644691
0.304627
0.344695
0.486529
0.341906
0.574288
0.387004
0.423180
0.497142
0.448381
0.626845
0.438410
0.446668
0.490180
0.533294
0.381053
0.363336
0.463711
0.509568
0.292458
0.246176
0.389686
0.423365
0.298939
0.321044
0.057007
0.088652
0.115583
0.155052
0.086607
0.077526
0.103543
0.125050
0.202725
0.116165
0.064553
0.128018
0.120352
0.180937
0.122860
0.175195
0.314550
0.134765
0.202242
0.325119
0.158150
0.157165
0.260123
0.147850
0.306397
0.238959
0.307967
0.301079
0.253721
0.318855
0.276253
0.318101
0.297922
0.240634
0.321779
0.255669
0.318673
0.318640
0.247002
0.209334
0.333697
0.177575
0.527469
0.236582
0.323499
0.140968
0.520015
0.272261
0.352262
0.168027
0.578448
0.327582
0.800269
0.332035
0.461087
0.312107
0.779964
0.263080
0.427473
0.344473
0.724162
0.286161
0.436889
0.735466
0.576021
0.289453
0.400747
0.680610
0.603521
0.440665
0.476174
0.676254
0.554073
0.388559
0.465310
0.225936
0.237788
0.224257
0.216420
0.253971
0.235207
0.285279
0.218750
0.238686
0.240778
0.239209
0.225901
0.422846
0.431701
0.178279
0.260087
0.259453
0.505290
0.495492
0.196995
0.231550
0.236699
0.456449
0.470509
0.217179
0.301811
0.235285
0.450135
0.416062
0.445942
0.641999
0.593487
0.455278
0.442685
0.481316
0.633156
0.596820
0.387781
0.389266
0.422742
0.425143
0.382570
0.586133
0.455549
0.382987
0.405495
0.347635
0.669247
0.525046
0.455075
0.390597
0.423195
0.638696
0.401755
0.243246
0.321835
0.239054
0.212427
0.237602
0.444561
0.887273
0.740010
0.200449
0.275002
0.436185
0.886664
0.710104
0.229514
0.297964
0.413144
0.912798
0.729962
0.244107
0.286340
0.322651
0.259751
0.228916
0.312955
0.289055
0.340459
0.224461
0.433546
0.221596
0.247121
0.302411
0.272838
0.293141
0.198503
0.224330
0.850026
0.237799
0.170818
0.184569
0.208977
0.890881
0.220316
0.191100
0.148438
0.130097
0.925274
0.295556
0.244616
0.268144
0.305236
0.305041
0.239626
0.338147
0.325089
0.360177
0.342072
0.230830
0.404127
0.314184
0.357751
0.328884
0.227791
0.350220
0.371611
0.435126
0.342190
0.389721
0.494028
0.309722
0.375220
0.290491
0.320385
0.412610
0.400412
0.445342
0.311561
0.351693
0.473387
0.546756
0.632468
0.474913
0.441572
0.472601
0.651433
0.687052
0.511578
0.403703
0.532337
0.499759
0.526172
0.356579
0.345818
0.392573
0.345269
0.312685
0.325108
0.269457
0.306127
0.352920
0.260241
0.309292
0.280055
0.438979
0.313938
0.223939
0.290388
0.272640
0.439553
0.412629
0.238272
0.337548
0.417855
0.266419
0.361178
0.400698
0.230927
0.351084
0.343347
0.351930
0.473729
0.279788
0.423755
0.422874
0.500584
0.331172
0.345624
0.280491
0.582217
0.231742
0.311421
0.436790
0.238265
0.284312
0.333613
0.286515
0.447950
0.296763
0.381149
0.336806
0.268530
0.410310
0.301034
0.327147
0.336318
0.300053
0.455725
0.454050
0.311603
0.211633
0.261000
0.416988
0.413719
0.266892
0.177283
0.358107
0.412277
0.427119
0.363813
0.377419
0.274540
0.343635
0.309691
0.317638
0.298636
0.301125
0.486922
0.459043
0.409403
0.410048
0.306145
0.432274
0.430583
0.419692
0.369999
0.288096
0.316830
0.255047
0.377092
0.338924
0.277452
0.297738
0.285244
0.319912
0.322901
0.260989
0.234580
0.272376
0.336147
0.345555
0.258488
0.297666
0.293775
0.425151
0.306699
0.398399
0.324779
0.317753
0.397335
0.300376
0.371456
0.285384
0.288947
0.348419
0.306683
0.331149
0.285463
0.243283
0.428645
0.386380
0.425113
0.351697
0.063870
0.395280
0.370273
0.427443
0.348791
0.079252
0.329146
0.308250
0.287734
0.252864
0.244015
0.228135
0.272021
0.279902
0.180189
0.182942
0.273588
0.236741
0.157211
0.238974
0.151175
0.205471
0.334155
0.245372
0.237220
0.217743
0.209629
0.324113
0.198727
0.301727
0.244659
0.259152
0.284122
0.229985
0.333094
0.301287
0.234397
0.328560
0.256180
0.229902
0.411893
0.463001
0.363387
0.353911
0.413137
0.473328
0.423765
0.394955
0.273651
0.273301
0.279344
0.378059
0.257803
0.290586
0.271081
0.315517
0.351220
0.305678
0.289555
0.373593
0.395363
0.303423
0.370294
0.273839
0.285410
0.346529
0.290456
0.372929
0.470842
0.285223
0.318422
0.447521
0.244844
0.257445
0.217208
0.136708
0.240436
0.134443
0.167229
0.208895
0.138704
0.236347
0.147679
0.173972
0.276527
0.182612
0.317751
0.206658
0.226686
0.373995
0.418300
0.275942
0.351345
0.308935
0.469044
0.456615
0.354437
0.452923
0.319512
0.418832
0.489441
0.341932
0.412338
0.280860
0.413895
0.434076
0.421359
0.221603
0.328280
0.372350
0.447964
0.385754
0.252865
0.304224
0.502135
0.497626
0.482934
0.292591
0.370526
0.343400
0.454679
0.281460
0.344819
0.413911
0.250795
0.338370
0.434391
0.254902
0.397735
0.322567
0.313513
0.548533
0.235485
0.202394
0.373959
0.288772
0.666505
0.251254
0.177540
0.301894
0.334754
0.553575
0.179096
0.192956
0.327835
0.312875
0.154366
0.169382
0.161539
0.139552
0.200260
0.132849
0.131103
0.234084
0.139888
0.369576
0.420350
0.388250
0.482822
0.410155
0.550529
0.511545
0.541119
0.572598
0.622387
0.551759
0.521755
0.517613
0.572890
0.597077
0.428808
0.498395
0.415253
0.328718
0.411778
0.385562
0.421629
0.259430
0.406062
0.429430
0.394101
0.253554
0.218544
0.221579
0.260496
0.216083
0.154541
0.313452
0.326354
0.359037
0.311346
0.225180
0.286291
0.247910
0.312873
0.222193
0.169430
0.170952
0.219191
0.216480
0.217693
0.228756
0.197972
0.174469
0.228054
0.180206
0.674568
0.487202
0.431340
0.281239
0.347812
0.687094
0.581950
0.409746
0.311150
0.337595
0.612900
0.424787
0.452123
0.365965
0.250645
0.630353
0.615700
0.555910
0.622873
0.646225
0.554402
0.690635
0.614106
0.526455
0.410490
0.383355
0.557599
0.329649
0.389930
0.456492
0.373487
0.589166
0.410271
0.539960
0.498343
0.423511
0.633186
0.382110
0.492847
0.363601
0.508440
0.489850
0.435922
0.795478
0.308340
0.577376
0.528595
0.478404
0.815158
0.427247
0.506593
0.465599
0.417112
0.747966
0.508584
0.439764
0.428684
0.418614
0.484642
0.384718
0.308288
0.291853
0.300609
0.344904
0.459101
0.389911
0.385284
0.401559
0.384352
0.186685
0.292756
0.322197
0.266891
0.193994
0.191948
0.291334
0.306442
0.248008
0.220978
0.245995
0.304206
0.315402
0.254946
0.199891
0.243966
0.286536
0.263376
0.247964
0.337985
0.378162
0.283495
0.302299
0.329687
0.371696
0.333042
0.335146
0.267902
0.319926
0.303275
0.286642
0.322871
0.266556
0.288191
0.210744
0.339651
0.492404
0.305295
0.469485
0.280737
0.422426
0.226104
0.372691
0.269311
0.293924
0.199067
0.293010
0.385305
0.292131
0.312030
0.200103
0.282559
0.343623
0.341156
0.300247
0.246121
0.297158
0.371700
0.257457
0.227093
0.409644
0.345579
0.213721
0.525285
0.240817
0.207483
0.406918
0.866459
0.369952
0.344791
0.884479
0.402985
0.420242
0.964814
0.346058
0.369079
0.478637
0.524297
0.336518
0.259523
0.316335
0.631826
0.679754
0.502485
0.480389
0.503918
0.604395
0.654283
0.490451
0.460980
0.505042
0.286276
0.310492
0.273077
0.252146
0.265576
0.378151
0.390898
0.357802
0.299129
0.308496
0.370243
0.384732
0.363105
0.304799
0.304032
0.401998
0.344451
0.328740
0.468148
0.407753
0.360605
0.273559
0.393656
0.343992
0.219333
0.258137
0.330954
0.401296
0.353472
0.257981
0.249055
0.279537
0.300629
0.256946
0.197874
0.193057
0.187834
0.173292
0.213414
0.343871
0.355342
0.291237
0.331682
0.407531
0.427148
0.405058
0.375004
0.383041
0.482598
0.387967
0.319701
0.356642
0.373773
0.416567
0.363361
0.394349
0.396484
0.246221
0.294100
0.413168
0.474591
0.500124
0.278750
0.327619
0.345275
0.307980
0.320521
0.229179
0.284282
0.522807
0.420506
0.525467
0.319400
0.342894
0.482337
0.434131
0.472377
0.268610
0.282037
0.460567
0.431046
0.524153
0.352791
0.376798
0.421299
0.426753
0.391008
0.304665
0.469808
0.434735
0.432273
0.442082
0.309990
0.488498
0.423458
0.395722
0.374789
0.284756
0.447620
0.346825
0.372274
0.382319
0.414992
0.240766
0.250972
0.461764
0.430933
0.283082
0.317265
0.367519
0.366990
0.324001
0.309436
0.289768
0.453533
0.257260
0.300195
0.326800
0.254664
0.295773
0.334189
0.338502
0.302056
0.068707
0.064865
0.299718
0.223786
0.406234
0.391176
0.173930
0.481321
0.430078
0.186623
0.514220
0.393525
0.177065
0.342780
0.303330
0.414965
0.181186
0.205745
0.382330
0.343358
0.404169
0.199254
0.195960
0.315376
0.270969
0.392694
0.198291
0.147524
0.348094
0.309405
0.422091
0.145752
0.507431
0.849062
0.854738
0.355649
0.410609
0.421609
0.872481
0.884820
0.233699
0.264338
0.468124
0.911385
0.897627
0.284076
0.350387
0.334632
0.299565
0.318806
0.490514
0.459341
0.370802
0.340563
0.301767
0.426572
0.405081
0.443878
0.425723
0.353615
0.543715
0.447056
0.361731
0.385285
0.445135
0.374071
0.407785
0.330908
0.306592
0.398293
0.316860
0.405567
0.225966
0.281228
0.368941
0.248140
0.316374
0.269218
0.365553
0.341752
0.269605
0.454775
0.569603
0.344272
0.415653
0.436490
0.522703
0.581938
0.355111
0.417127
0.523623
0.475026
0.529616
0.305890
0.412952
0.418094
0.306425
0.443175
0.441514
0.369580
0.245229
0.312206
0.388372
0.365625
0.353964
0.271050
0.254921
0.435959
0.390279
0.346483
0.206883
0.477928
0.380664
0.240346
0.518899
0.451610
0.262679
0.421137
0.415208
0.251369
0.171646
0.188329
0.218023
0.201352
0.178273
0.241285
0.203656
0.182426
0.151739
0.252122
0.167000
0.259290
0.198703
0.187973
0.206100
0.261919
0.390352
0.225242
0.348454
0.355029
0.395554
0.521055
0.343305
0.457518
0.469439
0.218382
0.380369
0.219521
0.315575
0.329714
0.383279
0.413253
0.357759
0.336905
0.707504
0.336676
0.397124
0.323883
0.276140
0.692408
0.498883
0.497255
0.556378
0.447275
0.441479
0.220180
0.242487
0.278514
0.244280
0.235945
0.210329
0.252650
0.296046
0.237225
0.240715
0.202548
0.226661
0.240013
0.203286
0.182364
0.201004
0.176652
0.245389
0.157080
0.178225
0.191583
0.164039
0.261061
0.147787
0.195088
0.269163
0.253924
0.249869
0.175860
0.196002
0.167280
0.153514
0.169736
0.220231
0.194469
0.150028
0.218207
0.179638
0.278015
0.220284
0.157105
0.123300
0.119964
0.269593
0.215883
0.406742
0.350883
0.439022
0.423930
0.215455
0.343814
0.407110
0.305082
0.371454
0.272162
0.375237
0.266885
0.263018
0.380337
0.316223
0.347879
0.371077
0.405761
0.468807
0.317670
0.370936
0.419634
0.275204
0.406219
0.317936
0.344058
0.375061
0.346857
0.372965
0.329872
0.357897
0.358709
0.322684
0.407382
0.421502
0.380909
0.431750
0.438693
0.360849
0.444890
0.385651
0.381123
0.319228
0.411365
0.239534
0.254870
0.315151
0.396034
0.436641
0.343206
0.461709
0.565986
0.502809
0.435368
0.413368
0.509160
0.442334
0.474119
0.447162
0.330419
0.429246
0.644001
0.453634
0.357118
0.461198
0.395947
0.403551
0.430675
0.555325
0.450591
0.340500
0.264604
0.369137
0.294908
0.336027
0.945653
0.946725
0.324899
0.976711
0.986816
0.346613
0.955938
0.970088
0.419038
0.411092
0.389189
0.256337
0.470609
0.412226
0.338481
0.465490
0.422133
0.286719
0.367366
0.500500
0.667460
0.265788
0.426742
0.564852
0.238323
0.506586
0.620021
0.280630
0.346435
0.362915
0.214583
0.340979
0.367369
0.430183
0.473505
0.323514
0.388922
0.345404
0.384896
0.450306
0.311949
0.397725
0.186471
0.209239
0.229361
0.220352
0.227277
0.240210
0.280322
0.271233
0.227244
0.247095
0.293343
0.272470
0.443538
0.701526
0.645942
0.330241
0.281696
0.454143
0.710930
0.617084
0.359606
0.187639
0.475588
0.604701
0.596979
0.385292
0.262120
0.433629
0.650700
0.721894
0.576694
0.583498
0.504613
0.537144
0.648004
0.447300
0.452202
0.624719
0.475857
0.644346
0.430460
0.499592
0.247605
0.353597
0.360514
0.285542
0.324431
0.320114
0.330201
0.325617
0.291153
0.344724
0.349157
0.275980
0.385583
0.683290
0.398303
0.418069
0.413793
0.408452
0.706369
0.403343
0.327748
0.336913
0.465164
0.700463
0.437191
0.454015
0.425516
0.322931
0.329119
0.332265
0.396060
0.386893
0.258989
0.282783
0.280315
0.391951
0.374645
0.295899
0.300625
0.298728
0.400555
0.384162
0.281701
0.299188
0.431491
0.380112
0.259452
0.275586
0.412123
0.377560
0.267809
0.265927
0.384872
0.375178
0.365196
0.296061
0.299835
0.254429
0.408554
0.336011
0.361096
0.311850
0.325437
0.271694
0.266255
0.195362
0.214136
0.289151
0.261468
0.218483
0.230028
0.306403
0.233713
0.151015
0.347848
0.350612
0.279432
0.353158
0.298674
0.268752
0.208834
0.248478
0.359907
0.324108
0.284401
0.296713
0.234632
0.217376
0.188401
0.195617
0.566268
0.771330
0.506821
0.554388
0.665149
0.647960
0.735588
0.549933
0.631459
0.697191
0.483486
0.707655
0.444390
0.506251
0.620313
0.451572
0.280875
0.302615
0.249079
0.185227
0.125860
0.136269
0.302399
0.264519
0.181879
0.177338
0.197870
0.173060
0.148659
0.170724
0.366708
0.346931
0.314267
0.449782
0.415679
0.335289
0.311947
0.269407
0.415302
0.370175
0.354352
0.334665
0.290354
0.443331
0.414690
0.457957
0.419347
0.392781
0.569115
0.525859
0.270475
0.197025
0.252768
0.242727
0.286426
0.294667
0.214421
0.314320
0.254170
0.271514
0.381797
0.279848
0.360658
0.293245
0.294543
0.453407
0.541945
0.399705
0.596495
0.419877
0.545946
0.615578
0.440839
0.527117
0.484339
0.483995
0.550109
0.420376
0.501066
0.447687
0.063360
0.062478
0.388009
0.048535
0.046944
0.351479
0.377295
0.374588
0.315297
0.373907
0.428385
0.370598
0.373430
0.340090
0.341026
0.407624
0.390725
0.380635
0.331446
0.358670
0.435889
0.261955
0.319930
0.339575
0.261733
0.319800
0.349068
0.328213
0.380567
0.404527
0.751888
0.719626
0.439125
0.461692
0.403997
0.661922
0.660551
0.425369
0.400915
0.358432
0.577077
0.671450
0.530408
0.528039
0.455606
0.721612
0.627521
0.395691
0.422332
0.320075
0.488503
0.404700
0.496302
0.430825
0.378403
0.436952
0.371275
0.479526
0.393869
0.324909
0.401969
0.387306
0.479112
0.382069
0.350473
0.362392
0.320529
0.527518
0.531467
0.329079
0.257671
0.484329
0.497207
0.355275
0.337583
0.548169
0.546364
0.353749
0.454024
0.332212
0.395883
0.418751
0.380805
0.488245
0.326734
0.408747
0.436113
0.373598
0.427280
0.293740
0.311020
0.416079
0.523084
0.329204
0.396589
0.550274
0.518248
0.283185
0.402826
0.528034
0.545728
0.423870
0.402645
0.533945
0.352003
0.401663
0.288879
0.297023
0.397526
0.449177
0.330287
0.335786
0.375658
0.418098
0.308264
0.312005
0.508045
0.641729
0.526405
0.613915
0.454224
0.549007
0.652009
0.519024
0.528955
0.524849
0.542792
0.602083
0.497925
0.584675
0.466969
0.483425
0.264017
0.467428
0.461681
0.550207
0.451667
0.264773
0.465222
0.435734
0.542864
0.487239
0.263771
0.485130
0.462862
0.529059
0.292366
0.293599
0.337805
0.266677
0.290487
0.343499
0.255336
0.254957
0.296680
0.550128
0.456771
0.558271
0.339116
0.254660
0.630775
0.482354
0.631212
0.378150
0.325328
0.577447
0.425965
0.575317
0.358812
0.378258
0.330860
0.394409
0.359693
0.237005
0.204512
0.284192
0.402682
0.363916
0.215897
0.252933
0.319323
0.419161
0.408217
0.245523
0.238845
0.427262
0.496340
0.591271
0.595306
0.605347
0.366934
0.425858
0.574049
0.612405
0.615992
0.415467
0.454458
0.540789
0.557221
0.581589
0.150665
0.151967
0.251779
0.243513
0.120213
0.225248
0.231323
0.351581
0.345351
0.151189
0.210992
0.162003
0.223063
0.199749
0.152546
0.228716
0.270405
0.256518
0.118093
0.196964
0.126561
0.198937
0.292319
0.193943
0.259636
0.293988
0.328955
0.398566
0.363991
0.363062
0.361536
0.419834
0.457252
0.467765
0.450658
0.483322
0.423765
0.366551
0.437883
0.461143
0.412212
0.441943
0.388039
0.461409
0.477934
0.436049
0.406793
0.328850
0.411968
0.423833
0.393437
0.460630
0.383824
0.482123
0.481400
0.462053
0.389030
0.333160
0.321873
0.357950
0.266332
0.411116
0.384985
0.351608
0.395290
0.403363
0.535538
0.477332
0.457688
0.494358
0.317444
0.286158
0.349116
0.334140
0.246036
0.321322
0.259702
0.312429
0.310693
0.210700
0.281777
0.282723
0.276494
0.269565
0.192400
0.269242
0.358232
0.299839
0.314905
0.337863
0.276587
0.315998
0.329797
0.301108
0.295648
0.297167
0.299547
0.311827
0.514533
0.233269
0.392372
0.297023
0.464183
0.537088
0.253234
0.378792
0.321393
0.479109
0.506973
0.278072
0.377251
0.289135
0.476170
0.658753
0.289697
0.401901
0.175276
0.483765
0.690095
0.377211
0.482642
0.210354
0.556772
0.617183
0.318648
0.404913
0.210927
0.490957
0.897121
0.468050
0.679523
0.457782
0.621252
0.720376
0.377821
0.544352
0.406703
0.522302
0.858016
0.395994
0.547660
0.348715
0.552111
0.077912
0.255837
0.555927
0.126952
0.278775
0.567884
0.154157
0.259288
0.512443
0.267211
0.369066
0.248026
0.403327
0.284930
0.328060
0.216610
0.375214
0.253385
0.294490
0.186512
0.326334
0.487818
0.499289
0.540395
0.483365
0.515640
0.549322
0.464197
0.507073
0.471656
0.458736
0.516889
0.485749
0.424717
0.442826
0.391076
0.371137
0.766698
0.396027
0.521447
0.363829
0.334144
0.868276
0.342182
0.450483
0.325996
0.246138
0.734573
0.339767
0.215842
0.327785
0.409675
0.228080
0.386488
0.412537
0.244628
0.376297
0.432108
0.222705
0.374129
0.277976
0.300102
0.217773
0.277875
0.793464
0.360364
0.329166
0.296433
0.379526
0.750425
0.346871
0.330548
0.295420
0.372721
0.758259
0.253011
0.341237
0.247202
0.407580
0.403877
0.236523
0.374135
0.252167
0.375872
0.399061
0.244211
0.366825
0.255818
0.422289
0.441782
0.563671
0.420582
0.406901
0.452857
0.564964
0.596284
0.430597
0.458899
0.462277
0.555647
0.530157
0.410462
0.384900
0.417093
0.510069
0.325773
0.328448
0.315575
0.366935
0.492701
0.343631
0.351630
0.326984
0.384723
0.510558
0.388738
0.309752
0.238712
0.407950
0.385761
0.653333
0.665491
0.401844
0.544875
0.554130
0.331430
0.619996
0.626149
0.355855
0.161415
0.145740
0.426028
0.459524
0.440588
0.157198
0.146035
0.415802
0.431405
0.465751
0.187335
0.160585
0.396282
0.412973
0.390610
0.146177
0.238652
0.197738
0.330014
0.349151
0.174204
0.264679
0.226431
0.356786
0.387764
0.181639
0.256388
0.228725
0.342625
0.340558
0.577386
0.518008
0.314885
0.378681
0.484776
0.577205
0.486933
0.346788
0.356261
0.443965
0.603923
0.555495
0.383449
0.359803
0.470694
0.291079
0.296304
0.151330
0.182868
0.193344
0.259106
0.237330
0.216966
0.236645
0.145042
0.252642
0.229955
0.159985
0.185948
0.167943
0.342353
0.372757
0.336997
0.378888
0.433155
0.266868
0.279990
0.292199
0.285256
0.314513
0.365479
0.391657
0.401199
0.333113
0.377986
0.162831
0.181962
0.145292
0.171337
0.165795
0.217387
0.204144
0.183459
0.196726
0.255484
0.166686
0.206148
0.210872
0.166861
0.225346
0.420777
0.422912
0.280248
0.363346
0.456376
0.405069
0.250157
0.376712
0.419850
0.370301
0.245076
0.349581
0.258066
0.256735
0.323633
0.334801
0.353531
0.337208
0.324193
0.371895
0.332275
0.403844
0.350055
0.347038
0.397607
0.345346
0.413882
0.375151
0.297236
0.584028
0.449803
0.388580
0.402070
0.336564
0.619961
0.444845
0.403527
0.354622
0.246451
0.598000
0.368975
0.335993
0.209522
0.228207
0.111694
0.141137
0.208095
0.209796
0.157247
0.199726
0.236100
0.225251
0.146828
0.194441
0.252042
0.382714
0.349932
0.308052
0.303269
0.388382
0.428209
0.443065
0.407368
0.345703
0.386610
0.423632
0.508002
0.457492
0.411776
0.385368
0.518551
0.480517
0.401714
0.386169
0.386322
0.332644
0.346702
0.354622
1.052339
0.470840
0.800349
0.457477
0.494294
1.085176
0.386253
0.839369
0.396083
0.438188
1.121882
0.311099
0.873069
0.287775
0.333659
0.403776
0.429589
0.276008
0.338563
0.588153
0.539698
0.373541
0.451726
0.307707
0.269002
0.193211
0.238710
0.275280
0.301420
0.253728
0.210099
0.123961
0.186396
0.221666
0.167931
0.155888
0.114724
0.239594
0.267962
0.222622
0.198815
0.118392
0.491253
0.215967
0.282257
0.236717
0.556979
0.271151
0.333421
0.318938
0.513372
0.227198
0.266364
0.270562
0.562959
0.284321
0.365549
0.348743
0.249843
0.227886
0.159486
0.324305
0.317352
0.220078
0.330338
0.333543
0.223232
0.513928
0.532148
0.449906
0.370944
0.530670
0.558392
0.432383
0.346183
0.457374
0.457758
0.385138
0.298684
0.301854
0.291840
0.149712
0.254925
0.364540
0.301396
0.246714
0.250093
0.326382
0.273712
0.376722
0.286202
0.237236
0.408960
0.234621
0.439541
0.332951
0.446757
0.442276
0.468887
0.425974
0.337553
0.468651
0.484335
0.492758
0.450887
0.368945
0.515563
0.456367
0.481134
0.277869
0.201053
0.211175
0.206897
0.310294
0.236876
0.234213
0.230334
0.321975
0.243039
0.239864
0.239106
0.562436
0.596916
0.604573
0.641342
0.745786
0.612434
0.634557
0.633544
0.692448
0.716712
0.502070
0.547363
0.552945
0.611699
0.661032
0.410180
0.324889
0.368083
0.437812
0.404212
0.456293
0.364799
0.435474
0.485849
0.454798
0.379276
0.289589
0.352902
0.416623
0.377314
0.533597
0.390019
0.425260
0.484815
0.569649
0.683151
0.469939
0.435629
0.479270
0.614870
0.481702
0.437278
0.470467
0.519082
0.598361
0.391446
0.337075
0.421356
0.385517
0.345927
0.367549
0.429037
0.366219
0.436632
0.344339
0.435195
0.587699
0.500683
0.417776
0.490509
0.585614
0.529904
0.417556
0.510074
0.539253
0.477793
0.490439
0.570718
0.621018
0.541205
0.533832
0.430940
0.675097
0.312705
0.340222
0.417488
0.343733
0.520033
0.261442
0.251610
0.519287
0.476941
0.736226
0.340428
0.431036
0.434667
0.486829
0.357278
0.456105
0.282500
0.538171
0.547056
0.440848
0.497654
0.343621
0.307397
0.290966
0.497662
0.507896
0.475497
0.314197
0.291051
0.467158
0.501687
0.430522
0.337248
0.328495
0.496758
0.489263
0.415965
0.448127
0.244740
0.300643
0.284621
0.298205
0.481666
0.309312
0.322804
0.330273
0.360351
0.488162
0.297585
0.334063
0.355104
0.347763
0.508730
0.658277
0.721451
0.778193
0.379907
0.526222
0.747166
0.738406
0.832324
0.415541
0.387236
0.555817
0.668431
0.680526
0.266541
0.388569
0.422454
0.423799
0.378608
0.343453
0.171578
0.415778
0.484551
0.381748
0.329672
0.522861
0.339825
0.322490
0.363280
0.322670
0.714295
0.655374
0.426697
0.541732
0.681322
0.731405
0.688153
0.476454
0.616327
0.725237
0.638417
0.599916
0.410294
0.550945
0.663554
0.308918
0.342945
0.342516
0.289638
0.208914
0.301986
0.272702
0.205510
0.328093
0.262862
0.375915
0.177666
0.334212
0.363554
0.279580
0.244979
0.318988
0.323364
0.331402
0.226098
0.328288
0.339044
0.308955
0.253616
0.257279
0.240952
0.254257
0.485180
0.522550
0.464987
0.651445
0.659506
0.477556
0.311825
0.374301
0.377187
0.306387
0.331684
0.346887
0.289511
0.372367
0.242830
0.361750
0.338898
0.289197
0.301441
0.319494
0.369053
0.351795
0.367824
0.378958
0.371409
0.299092
0.348041
0.224079
0.256794
0.357750
0.281065
0.361352
0.305568
0.231619
0.348069
0.291913
0.317761
0.182233
0.273516
0.391851
0.309801
0.399662
0.310578
0.463911
0.574333
0.446225
0.513486
0.386991
0.568389
0.468692
0.342608
0.452745
0.266459
0.433583
0.198326
0.192443
0.225136
0.128672
0.229617
0.227746
0.267945
0.168045
0.203600
0.203995
0.243278
0.141049
0.523121
0.540420
0.520869
0.315660
0.285204
0.525888
0.554008
0.527296
0.345497
0.303013
0.516113
0.552157
0.505608
0.342248
0.319695
0.341017
0.324139
0.228260
0.313561
0.270100
0.287136
0.272421
0.202302
0.252317
0.192869
0.323051
0.312229
0.237299
0.286984
0.226044
0.337668
0.336877
0.295059
0.248593
0.296225
0.350248
0.302023
0.260252
0.255218
0.302484
0.340164
0.292426
0.257058
0.235914
0.261095
0.336788
0.370979
0.362361
0.379314
0.346725
0.403880
0.364529
0.379043
0.379702
0.438831
0.374164
0.444644
0.379267
0.400779
0.361683
0.333317
0.325952
0.363755
0.292481
0.299295
0.260888
0.302463
0.326914
0.322484
0.306584
0.260925
0.258872
0.360903
0.366497
0.264336
0.254085
0.255910
0.434761
0.445048
0.256579
0.235904
0.236443
0.375346
0.382148
0.399848
0.377254
0.463856
0.477484
0.478851
0.505331
0.695157
0.583975
0.366978
0.346429
0.519862
0.369160
0.380055
0.314022
0.261197
0.364834
0.369923
0.293566
0.255197
0.213179
0.295781
0.266298
0.337401
0.334432
0.242792
0.279899
0.295416
0.290305
0.513840
0.348612
0.319312
0.471393
0.389089
0.373608
0.510028
0.452494
0.338213
0.531090
0.515072
0.424308
0.416418
0.397866
0.658666
0.621579
0.600554
0.529247
0.388827
0.659506
0.625628
0.581072
0.535844
0.284793
0.320433
0.242747
0.283320
0.320691
0.224452
0.321595
0.364280
0.221908
0.168727
0.208052
0.168848
0.170665
0.189745
0.170929
0.169084
0.249428
0.218174
0.182646
0.203354
0.222942
0.243356
0.182301
0.174939
0.163689
0.163718
0.205187
0.119618
0.117018
0.139283
0.230777
0.204610
0.326258
0.264674
0.316910
0.294572
0.243644
0.321961
0.283397
0.378685
0.290779
0.254972
0.343014
0.309580
0.351599
0.128278
0.290281
0.272411
0.256665
0.530834
0.173964
0.299156
0.285738
0.276589
0.565558
0.197709
0.257857
0.346403
0.239612
0.599080
0.280853
0.253619
0.196210
0.163860
0.239784
0.282175
0.280358
0.194122
0.256589
0.243888
0.212672
0.140474
0.284909
0.140005
0.575443
0.189233
0.138296
0.629036
0.266962
0.151850
0.642018
0.412881
0.284501
0.265518
0.402699
0.488998
0.401896
0.280567
0.255568
0.395368
0.507193
0.345382
0.278306
0.318933
0.400109
0.504962
0.329496
0.254634
0.349202
0.242341
0.214042
0.331931
0.230730
0.334235
0.234983
0.246518
0.355607
0.335876
0.410506
0.222284
0.265009
0.273272
0.339263
0.309830
0.267604
0.312572
0.383406
0.280436
0.324681
0.401144
0.508127
0.474565
0.449561
0.565757
0.333662
0.457002
0.484120
0.395095
0.529874
0.407506
0.487711
0.482617
0.426696
0.518063
0.384707
0.229031
0.259935
0.292371
0.246732
0.248597
0.253432
0.308697
0.331882
0.268573
0.243121
0.190615
0.229025
0.256963
0.255407
0.274321
0.480737
0.562482
0.643049
0.589990
0.490073
0.583902
0.590938
0.539528
0.413372
0.495936
0.480847
0.507549
0.335150
0.288646
0.249057
0.269016
0.409459
0.314662
0.260753
0.285818
0.357077
0.271482
0.252942
0.262001
0.319283
0.345184
0.383142
0.193888
0.289218
0.374642
0.370015
0.398146
0.199601
0.331997
0.295226
0.350305
0.395236
0.247642
0.278232
0.361266
0.479580
0.430594
0.468569
0.683542
0.426980
0.581542
0.454616
0.541714
0.739369
0.425486
0.514603
0.411010
0.515048
0.731063
0.410943
0.530914
0.214425
0.337313
0.408761
0.437012
0.588312
0.323490
0.385122
0.427331
0.566328
0.773080
0.467333
0.537025
0.301253
0.350901
0.363953
0.401824
0.321289
0.311738
0.374836
0.305353
0.285520
0.360293
0.269260
0.223422
0.230882
0.228646
0.176904
0.275229
0.228806
0.238576
0.255151
0.205133
0.277575
0.247159
0.234677
0.247565
0.201249
0.190040
0.300830
0.166701
0.141597
0.142146
0.187581
0.337140
0.194721
0.147430
0.168258
0.201893
0.289261
0.161093
0.159305
0.146122
0.282182
0.257160
0.189979
0.201939
0.263425
0.303606
0.320167
0.216976
0.269690
0.329135
0.293719
0.255076
0.162504
0.231730
0.285176
0.199870
0.335680
0.789393
0.369787
0.275258
0.185151
0.388810
0.874740
0.458425
0.267737
0.298347
0.351950
0.799395
0.409353
0.346308
0.400635
0.326638
0.286261
0.525529
0.423791
0.514640
0.435382
0.304757
0.387038
0.370865
0.432975
0.489432
0.415819
0.480738
0.528779
0.381165
0.448552
0.527971
0.336709
0.396444
0.279590
0.393916
0.360812
0.283556
0.400204
0.429746
0.292972
0.113056
0.081977
0.070993
0.190740
0.173157
0.333012
0.295138
0.204259
0.235260
0.326176
0.309838
0.244450
0.233370
0.389438
0.309517
0.242389
0.238762
0.312629
0.280292
0.441635
0.440196
0.459507
0.591963
0.512808
0.496938
0.370364
0.457205
0.544475
0.454659
0.416874
0.463136
0.441895
0.655238
0.563910
0.329073
0.286434
0.497520
0.248362
0.288021
0.318300
0.296466
0.486389
0.246553
0.260153
0.419526
0.337474
0.552158
0.293121
0.329413
0.290879
0.224031
0.679782
0.281319
0.265831
0.275360
0.200329
0.666997
0.265805
0.249281
0.310767
0.233098
0.699172
0.276907
0.250861
0.196920
0.303301
0.468194
0.637208
0.458958
0.221053
0.313347
0.457632
0.649582
0.458269
0.273933
0.358266
0.517952
0.713136
0.466205
0.272031
0.375149
0.488143
0.646760
0.466360
0.138809
0.336552
0.323111
0.115450
0.297556
0.267953
0.113864
0.312731
0.282290
0.089576
0.083529
0.316078
0.086670
0.073946
0.360531
0.499406
0.491149
0.448833
0.532512
0.398086
0.540198
0.526141
0.499561
0.554836
0.458780
0.532981
0.519177
0.472112
0.569425
0.421851
0.394253
0.292796
0.426858
0.632750
0.650285
0.353738
0.338358
0.345583
0.683299
0.673110
0.393781
0.323987
0.388394
0.631268
0.653881
0.357615
0.405780
0.287098
0.377044
0.514574
0.277516
0.344464
0.254218
0.275209
0.424427
0.323518
0.409057
0.273534
0.342481
0.507953
0.171847
0.173057
0.154843
0.187877
0.199505
0.216904
0.189586
0.258970
0.232322
0.179498
0.221798
0.252172
0.351242
0.311826
0.294225
0.357375
0.369018
0.413532
0.375833
0.343340
0.414881
0.422592
0.467026
0.389820
0.371652
0.437984
0.457326
0.431919
0.391603
0.554550
0.504803
0.426170
0.414821
0.387332
0.571158
0.510914
0.409116
0.451026
0.383494
0.566011
0.515027
0.446705
0.262058
0.199102
0.259836
0.233912
0.277612
0.202668
0.144480
0.217323
0.165348
0.229502
0.197370
0.140354
0.216736
0.181950
0.218195
0.267715
0.206165
0.231339
0.268008
0.272324
0.199328
0.231411
0.224375
0.337908
0.293240
0.291138
0.276602
0.290453
0.256225
0.437794
0.456618
0.186538
0.411833
0.398895
0.409196
0.605407
0.336999
0.495608
0.488066
0.430805
0.568440
0.368877
0.182845
0.170314
0.159389
0.209598
0.217323
0.188412
0.173518
0.171211
0.193976
0.238028
0.253294
0.291021
0.430507
0.374543
0.167551
0.168990
0.222891
0.312215
0.251409
0.208984
0.165006
0.242143
0.366785
0.294647
0.194680
0.146848
0.152829
0.177845
0.204658
0.209528
0.140545
0.147460
0.157963
0.222444
0.235247
0.172161
0.188019
0.161084
0.235382
0.139548
0.129516
0.314170
0.219904
0.242627
0.177169
0.196123
0.228831
0.352195
0.394126
0.251539
0.173898
0.264147
0.297690
0.330704
0.247000
0.220591
0.271771
0.308892
0.306182
0.300092
0.375552
0.289896
0.439444
0.434788
0.410643
0.466092
0.449745
0.309318
0.374902
0.368261
0.410753
0.333106
0.473194
0.456860
0.531951
0.415927
0.575902
0.442482
0.444312
0.559084
0.450844
0.514461
0.499667
0.447273
0.564651
0.417563
0.541726
0.349711
0.544102
0.390396
0.448149
0.517716
0.380754
0.506917
0.362732
0.391002
0.516520
0.359510
0.572508
0.447108
0.471930
0.537384
0.539617
0.536211
0.416966
0.514005
0.353455
0.624346
0.670029
0.513878
0.573629
0.453651
0.562717
0.575248
0.478140
0.512119
0.383649
0.579731
0.667882
0.544260
0.728018
0.451214
0.520850
0.556454
0.490036
0.720688
0.332306
0.514584
0.574007
0.544972
0.695278
0.350073
0.356794
0.514148
0.432701
0.371413
0.651805
0.564254
0.377458
0.550566
0.387043
0.148029
0.192697
0.292279
0.245245
0.167181
0.192122
0.257945
0.412087
0.273789
0.147824
0.154769
0.204959
0.401653
0.313705
0.128747
0.358925
0.322771
0.297817
0.315544
0.429499
0.362538
0.357467
0.387278
0.557818
0.480601
0.402185
0.419323
0.635890
0.394120
0.487087
0.433859
0.443029
0.668534
0.329549
0.388875
0.439691
0.385991
0.730110
0.367785
0.379475
0.388981
0.335215
0.299971
0.271584
0.406762
0.416682
0.371633
0.353294
0.445694
0.427324
0.435424
0.392094
0.516836
0.510576
0.422593
0.488771
0.457999
0.335199
0.305704
0.247668
0.518094
0.493837
0.359501
0.401709
0.499421
0.497321
0.351492
0.298619
0.444423
0.475547
0.483307
0.377943
0.354616
0.366092
0.415600
0.413210
0.281198
0.252873
0.231359
0.290067
0.349344
0.481211
0.265289
0.286353
0.397647
0.474089
0.281835
0.310391
0.364404
0.403043
0.254177
0.250211
0.264801
0.169449
0.191240
0.239286
0.292925
0.296817
0.281315
0.362429
0.337771
0.328891
0.391390
1.008577
0.920646
0.542073
0.429218
0.973584
0.890727
0.486743
0.393128
0.950196
0.875583
0.453285
0.429970
0.625033
0.290811
0.315529
0.222235
0.412287
0.586120
0.267521
0.338924
0.228695
0.407071
0.588068
0.296690
0.325983
0.216267
0.245774
0.232134
0.272251
0.288319
0.231688
0.260788
0.267149
0.245575
0.249692
0.248157
0.305519
0.306561
0.433218
0.421410
0.410453
0.383272
0.465528
0.415867
0.399472
0.395696
0.469232
0.580922
0.515862
0.513364
0.496781
0.516598
0.369671
0.368882
0.537975
0.507758
0.413401
0.342676
0.291880
0.485564
0.403389
0.470944
0.322423
0.343000
0.528898
0.441763
0.311552
0.345948
0.103399
0.147121
0.117747
0.287102
0.321014
0.132447
0.121293
0.135073
0.215022
0.264017
0.086033
0.096879
0.086565
0.444179
0.395922
0.257709
0.358742
0.382819
0.453544
0.391147
0.316833
0.408086
0.408731
0.556910
0.510008
0.355184
0.438094
0.452721
0.384742
0.382561
0.403404
0.333777
0.281331
0.286574
0.444875
0.396091
0.434644
0.158865
0.560343
0.387607
0.191294
0.665690
0.145399
0.616034
0.412601
0.197728
0.673537
0.141887
0.573394
0.377828
0.187613
0.660320
0.106874
0.258741
0.250369
0.249794
0.263207
0.293388
0.242865
0.292026
0.262752
0.309249
0.256583
0.223238
0.241524
0.278249
0.279708
0.250660
0.208589
0.221270
0.224160
0.256633
0.225221
0.298377
0.251737
0.268301
0.245434
0.258449
0.339430
0.304890
0.255811
0.351167
0.231337
0.310279
0.287326
0.274233
0.343680
0.381566
0.239551
0.341075
0.326300
0.446077
0.372937
0.295578
0.381622
0.367063
0.479104
0.353823
0.242090
0.338369
0.309738
0.407465
0.221908
0.140175
0.319499
0.319639
0.196093
0.408678
0.361426
0.230650
0.439329
0.636141
0.413827
0.422596
0.481282
0.567622
0.697836
0.484851
0.481819
0.500747
0.614334
0.658543
0.445939
0.464155
0.524742
0.600683
0.285244
0.293368
0.812317
0.792433
0.261848
0.301418
0.844486
0.821503
0.805690
0.623837
0.777536
0.536494
0.939956
0.663105
0.554383
0.605523
0.415883
0.832519
0.659279
0.576340
0.618321
0.444681
0.873383
0.597579
0.435585
0.598684
0.496831
0.737597
0.488465
0.353365
0.539563
0.470091
0.723848
0.483637
0.340299
0.480546
0.394165
0.632238
0.249703
0.104601
0.208986
0.147796
0.314153
0.148232
0.208107
0.146653
0.288378
0.116441
0.190504
0.115084
0.424020
0.259307
0.202458
0.404803
0.276865
0.253652
0.363944
0.290059
0.221987
0.134853
0.129253
0.154483
0.110427
0.127912
0.161327
0.110717
0.112407
0.119320
0.323750
0.486270
0.399847
0.715135
0.427053
0.317985
0.412775
0.341242
0.695260
0.413521
0.325769
0.434976
0.393741
0.688132
0.381012
0.222049
0.387644
0.257684
0.236371
0.325119
0.320420
0.523357
0.329955
0.304006
0.412917
0.268926
0.465874
0.292896
0.267571
0.382566
0.416754
0.610770
0.579004
0.569721
0.404568
0.349050
0.498698
0.481019
0.461394
0.368204
0.545045
0.702837
0.596712
0.628129
0.515063
0.213534
0.169799
0.179127
0.134259
0.179936
0.209098
0.164179
0.175309
0.127337
0.145346
0.180391
0.172104
0.157071
0.101867
0.164417
0.283381
0.349238
0.226356
0.242382
0.262482
0.186830
0.258088
0.293203
0.167371
0.419214
0.404555
0.377123
0.233437
0.376212
0.354754
0.441210
0.272626
0.386152
0.312503
0.436211
0.324555
0.200044
0.234411
0.162464
0.174396
0.147319
0.358814
0.342105
0.244550
0.230965
0.143523
0.419175
0.396432
0.292379
0.271088
0.187224
0.171083
0.205732
0.230859
0.331164
0.445065
0.204881
0.162102
0.216554
0.244348
0.511231
0.207986
0.180786
0.245544
0.337211
0.569595
0.208866
0.180133
0.241515
0.164013
0.312632
0.320957
0.351713
0.396006
0.304725
0.408333
0.264184
0.226910
0.297977
0.201419
0.451315
0.287686
0.384122
0.554501
0.279372
0.366318
0.494782
0.316053
0.463449
0.479450
0.438174
0.474194
0.486971
0.540471
0.424302
0.489566
0.441871
0.652014
0.616364
0.530648
0.400660
0.377581
0.393652
0.477327
0.402200
0.478328
0.478492
0.404494
0.467566
0.470620
0.458589
0.452940
0.360763
0.405780
0.422079
0.457200
0.444782
0.332919
0.416506
0.406099
0.254034
0.367306
0.428599
0.223210
0.401869
0.465585
0.199333
0.414388
0.484583
0.525001
0.461935
0.336876
0.462595
0.442646
0.322022
0.518394
0.463847
0.363300
0.309395
0.401256
0.476848
0.621582
0.288439
0.360679
0.484195
0.635217
0.331825
0.379126
0.466690
0.674892
0.247463
0.367555
0.362977
0.378534
0.479932
0.237729
0.367045
0.352870
0.324864
0.441245
0.323477
0.376357
0.357529
0.358742
0.463336
0.248448
0.187064
0.200907
0.210175
0.269512
0.262824
0.304884
0.327702
0.281294
0.238062
0.241989
0.234456
0.298040
0.288496
0.345469
0.341639
0.447465
0.401346
0.301023
0.408561
0.415349
0.477225
0.377103
0.297372
0.363282
0.364628
0.418499
0.234137
0.286446
0.294798
0.318872
0.251917
0.220527
0.195352
0.261080
0.222099
0.198615
0.199097
0.196530
0.238341
0.245526
0.170128
0.284858
0.297742
0.246536
0.304299
0.295160
0.265686
0.307662
0.303518
0.231054
0.419523
0.268118
0.534600
0.416344
0.396589
0.404122
0.241015
0.514776
0.473482
0.342687
0.453464
0.406893
0.312137
0.439977
0.590542
0.428163
0.363638
0.345508
0.399746
0.521810
0.373914
0.238706
0.342316
0.439447
0.556466
0.414030
0.251863
0.285218
0.131093
0.168856
0.158651
0.139376
0.171596
0.200199
0.212793
0.243800
0.213822
0.211311
0.147040
0.166500
0.157566
0.136886
0.176970
0.281552
0.352422
0.282609
0.250541
0.318278
0.358646
0.280623
0.316290
0.345331
0.397815
0.333350
0.270985
0.491481
0.388810
0.289540
0.467253
0.544100
0.558401
0.504949
0.410138
0.423169
0.526419
0.520167
0.451134
0.345677
0.464777
0.554225
0.534756
0.508218
0.585421
0.573095
0.665320
0.458804
0.420656
0.511884
0.496867
0.589468
0.501378
0.468858
0.593459
0.565302
0.619783
0.299440
0.236271
0.326263
0.262479
0.306898
0.269079
0.192426
0.313603
0.259579
0.266365
0.319942
0.258760
0.357691
0.299169
0.332347
0.239145
0.351999
0.473251
0.149990
0.281184
0.281327
0.380762
0.501274
0.193324
0.302709
0.243995
0.359151
0.453394
0.162581
0.241123
0.372970
0.451071
0.422998
0.236314
0.293636
0.505459
0.460041
0.193525
0.523319
0.509968
0.181018
0.396531
0.297147
0.127420
0.775816
0.235605
0.298513
0.375469
0.446782
0.756667
0.180444
0.228715
0.321903
0.452558
0.743962
0.188721
0.270304
0.277911
0.437793
0.089555
0.144117
0.121758
0.230705
0.151033
0.215539
0.158122
0.266896
0.134659
0.183276
0.157643
0.231233
0.468433
0.443721
0.865493
0.382259
0.531409
0.478465
0.430554
0.800573
0.385081
0.502294
0.631821
0.494387
0.800922
0.377503
0.599973
0.243750
0.334241
0.219591
0.313468
0.481152
0.213211
0.235028
0.207579
0.206621
0.365348
0.215276
0.312906
0.228968
0.322132
0.502069
0.428911
0.219221
0.271703
0.328310
0.364716
0.310597
0.341096
0.520368
0.365745
0.480280
0.387261
0.439691
0.629142
0.531237
0.533236
0.490217
0.569389
0.716476
0.585413
0.555425
0.476522
0.578111
0.725856
0.613843
0.335925
0.321795
0.335701
0.314849
0.279051
0.382479
0.335371
0.336376
0.338435
0.302566
0.362155
0.336158
0.317202
0.332118
0.285294
0.367582
0.497236
0.481482
0.382728
0.482064
0.493437
0.413876
0.503475
0.470534
0.273289
0.479051
0.270848
0.287494
0.472055
0.279019
0.242346
0.442916
0.235965
0.320484
0.360737
0.398655
0.402414
0.401122
0.355397
0.316995
0.392334
0.372768
0.402754
0.395130
0.386279
0.471283
0.486150
0.466514
0.125352
0.082602
0.102573
0.176982
0.085059
0.099676
0.075205
0.146727
0.223937
0.060276
0.085234
0.081278
0.107027
0.190339
0.082190
0.353807
0.485871
0.225055
0.327666
0.294517
0.414581
0.182107
0.265187
0.298209
0.411662
0.184498
0.297083
0.339113
0.918736
0.185299
0.240526
0.261543
0.363650
0.759566
0.296469
0.296593
0.316810
0.449715
0.782437
0.328450
0.352870
0.320040
