0.555111
0.384350
0.595624
0.525797
0.376561
0.558897
0.427534
0.556901
0.518823
0.408820
0.635642
0.403421
0.598802
0.507592
0.353488
0.535600
0.561680
0.672513
0.636850
0.532567
0.473440
0.508962
0.636194
0.549269
0.451863
0.505060
0.524804
0.645101
0.652110
0.482909
0.639505
0.558270
0.610426
0.495551
0.539910
0.640477
0.631131
0.598943
0.607574
0.595175
0.680178
0.655995
0.554698
0.617820
0.473858
0.661680
0.654248
0.590496
0.620615
0.712746
0.720754
0.492915
0.462208
0.614799
0.605778
0.554494
0.551316
0.330382
0.550805
0.568769
0.453972
0.538678
0.345459
0.615654
0.494530
0.653109
0.562566
0.308067
0.523110
0.366114
0.550396
0.447889
0.552163
0.548000
0.477238
0.517840
0.515276
0.365334
0.475834
0.482432
0.406859
0.772915
0.488590
0.729573
0.675826
0.505357
0.719782
0.541365
0.691788
0.586864
0.445772
0.730583
0.544594
0.730380
0.618394
0.430718
0.496335
0.532309
0.510149
0.542880
0.463031
0.475467
0.502908
0.448671
0.511920
0.520740
0.499985
0.506885
0.626732
0.691632
0.522578
0.652191
0.598944
0.640460
0.383288
0.521213
0.620013
0.679332
0.443206
0.599150
0.512783
0.588767
0.360370
0.465774
0.676601
0.659128
0.603789
0.595388
0.639847
0.652638
0.564890
0.594939
0.357786
0.395307
0.410760
0.474260
0.413785
0.429494
0.471594
0.468386
0.405320
0.436490
0.479132
0.485060
0.720199
0.725987
0.490584
0.607605
0.460987
0.714111
0.707688
0.476141
0.548017
0.526035
0.711691
0.719424
0.479529
0.569649
0.473932
0.700538
0.747854
0.679624
0.818835
0.774865
0.711772
0.653834
0.707918
0.639198
0.616571
0.647146
0.640529
0.707473
0.580487
0.515116
0.685019
0.681550
0.565285
0.587369
0.421745
0.695073
0.711490
0.526121
0.533256
0.517393
0.672848
0.686193
0.512581
0.582382
0.446452
0.337809
0.377988
0.389052
0.373589
0.440286
0.409225
0.424347
0.456853
0.457999
0.479474
0.417925
0.463934
0.437067
0.460779
0.480912
0.569635
0.565995
0.574205
0.610104
0.571309
0.778595
0.586667
0.635798
0.646812
0.729983
0.605201
0.566267
0.595002
0.481474
0.522487
0.474824
0.490235
0.375700
0.320809
0.339919
0.481328
0.453627
0.424553
0.314695
0.364015
0.364361
0.377231
0.457271
0.325518
0.465208
0.633686
0.671531
0.644624
0.550600
0.518697
0.630194
0.680646
0.642909
0.509179
0.464654
0.594298
0.660676
0.620256
0.467637
0.476778
0.530550
0.497151
0.421123
0.543085
0.470678
0.512777
0.457383
0.361184
0.565125
0.465340
0.516466
0.475640
0.318321
0.491435
0.441751
0.640012
0.730151
0.625221
0.667087
0.697829
0.594429
0.707804
0.570786
0.603186
0.661745
0.638551
0.687056
0.591664
0.643190
0.655825
0.520450
0.603002
0.580826
0.563432
0.628599
0.513487
0.591786
0.582462
0.572421
0.671803
0.527744
0.482415
0.500744
0.522661
0.666699
0.787112
0.506729
0.620913
0.768029
0.556237
0.622830
0.765335
0.577395
0.614732
0.541385
0.590702
0.414710
0.524168
0.623143
0.677674
0.398520
0.639778
0.544422
0.608774
0.315858
0.536153
0.529929
0.632276
0.521229
0.506831
0.642400
0.534041
0.633532
0.525054
0.508262
0.601797
0.513185
0.605242
0.524834
0.505626
0.611665
0.503701
0.537097
0.554848
0.486622
0.308990
0.513782
0.574205
0.578946
0.417983
0.291501
0.480678
0.556691
0.575460
0.431248
0.341801
0.571602
0.611730
0.613911
0.607222
0.670237
0.595289
0.673090
0.670100
0.593545
0.708906
0.549304
0.614108
0.617938
0.572668
0.680281
0.686490
0.747514
0.548007
0.475069
0.588798
0.482627
0.582812
0.392393
0.480644
0.597579
0.459901
0.601689
0.471264
0.508409
0.616090
0.509150
0.652497
0.468295
0.724225
0.604353
0.656844
0.665259
0.626955
0.651028
0.510610
0.573091
0.580683
0.511205
0.640220
0.620375
0.573269
0.596339
0.497968
0.465551
0.472184
0.601937
0.531008
0.102526
0.491448
0.464224
0.631242
0.554687
0.155817
0.413927
0.500729
0.454804
0.442303
0.523434
0.438873
0.436090
0.529888
0.450102
0.167005
0.308126
0.141257
0.199634
0.277911
0.124430
0.339423
0.329685
0.364144
0.307148
0.377885
0.284573
0.396245
0.336428
0.352774
0.386678
0.315549
0.385959
0.355774
0.367997
0.429412
0.498390
0.523783
0.551578
0.517737
0.445947
0.482284
0.465634
0.448803
0.550341
0.575185
0.624995
0.591166
0.474265
0.491871
0.479214
0.458224
0.460796
0.472689
0.496983
0.489090
0.479424
0.468855
0.457190
0.455287
0.513481
0.485423
0.450770
0.367544
0.450061
0.599053
0.380412
0.625366
0.687007
0.542237
0.579103
0.615832
0.512097
0.544268
0.461506
0.450773
0.481747
0.416328
0.426768
0.393853
0.391577
0.391750
0.362211
0.399672
0.469788
0.496507
0.498430
0.479587
0.515002
0.558805
0.621430
0.525342
0.628504
0.563685
0.574231
0.584815
0.561314
0.570888
0.544769
0.483585
0.628257
0.500972
0.570443
0.516530
0.728989
0.677232
0.663603
0.456179
0.441375
0.693448
0.627736
0.605767
0.448404
0.313395
0.742214
0.664805
0.669185
0.438527
0.489303
0.501300
0.599677
0.495685
0.552932
0.609457
0.470078
0.567438
0.615829
0.542764
0.589562
0.543185
0.312532
0.545631
0.523428
0.536742
0.464921
0.477486
0.532481
0.492817
0.472017
0.434536
0.506293
0.514495
0.459830
0.431481
0.443445
0.532685
0.253699
0.228529
0.357531
0.303756
0.278658
0.357138
0.251644
0.273493
0.305904
0.810919
0.753843
0.734488
0.736774
0.791540
0.845776
0.790571
0.781078
0.765341
0.816289
0.806556
0.731278
0.707741
0.695584
0.751422
0.526126
0.416740
0.389543
0.535548
0.693154
0.483599
0.507079
0.706405
0.565646
0.315648
0.358013
0.520278
0.578081
0.503097
0.522176
0.473308
0.366155
0.538736
0.513632
0.546133
0.512449
0.405807
0.558352
0.514836
0.565260
0.481290
0.359505
0.297742
0.395253
0.410105
0.460815
0.563579
0.548404
0.419321
0.550370
0.550285
0.804793
0.734787
0.808205
0.628191
0.625445
0.806201
0.724755
0.710408
0.492285
0.528236
0.836232
0.740430
0.679949
0.499502
0.497113
0.816700
0.850402
0.835229
0.718319
0.808828
0.794714
0.745053
0.837689
0.816089
0.513231
0.517815
0.557087
0.607827
0.583778
0.531760
0.478024
0.495648
0.540350
0.553344
0.619797
0.535620
0.614476
0.535135
0.556924
0.613949
0.661604
0.742559
0.663975
0.714761
0.536879
0.625232
0.662450
0.649097
0.664619
0.699687
0.614243
0.665307
0.676550
0.701062
0.810064
0.668274
0.624085
0.569078
0.677234
0.790761
0.623786
0.496909
0.468830
0.686667
0.829031
0.701864
0.636379
0.573705
0.709329
0.518955
0.585377
0.563803
0.428602
0.476378
0.446067
0.523621
0.506879
0.305510
0.405560
0.513913
0.533227
0.540167
0.367451
0.395766
0.410586
0.420173
0.638916
0.448069
0.557278
0.536491
0.647555
0.501154
0.496232
0.486543
0.618772
0.468602
0.486142
0.490594
0.621570
0.453869
0.350504
0.459803
0.360284
0.448720
0.410766
0.585440
0.412233
0.507153
0.357341
0.539602
0.337847
0.492141
0.575301
0.577690
0.517480
0.466390
0.584352
0.564336
0.583924
0.523569
0.541145
0.565461
0.638680
0.618448
0.593802
0.569005
0.652396
0.541281
0.600276
0.487223
0.576173
0.515773
0.431305
0.479584
0.476579
0.499722
0.935036
0.586113
0.525076
0.926512
0.546043
0.495045
0.938211
0.545958
0.506623
0.688070
0.650866
0.573469
0.545027
0.473299
0.774085
0.731043
0.649730
0.624538
0.548868
0.703456
0.654079
0.673361
0.600532
0.540230
0.520438
0.592841
0.557758
0.410056
0.486881
0.549018
0.595387
0.570339
0.466098
0.525471
0.509019
0.569530
0.555598
0.416503
0.498217
0.748948
0.536289
0.570512
0.659784
0.494323
0.524013
0.603032
0.603905
0.553565
0.491511
0.667880
0.498811
0.631539
0.531640
0.541836
0.502476
0.485654
0.641687
0.568007
0.544797
0.645257
0.418757
0.535298
0.534434
0.406206
0.408902
0.381260
0.357022
0.389463
0.422591
0.443236
0.416101
0.392972
0.412950
0.395425
0.440116
0.424540
0.442320
0.397315
0.427172
0.426909
0.403347
0.427516
0.421803
0.476490
0.379939
0.442991
0.466381
0.442440
0.516458
0.379647
0.432500
0.431022
0.387053
0.771566
0.607364
0.693692
0.579900
0.556030
0.741988
0.551126
0.661478
0.554381
0.511866
0.695069
0.513824
0.610350
0.538517
0.489684
0.407150
0.307162
0.527358
0.347797
0.488787
0.297342
0.292035
0.508098
0.344969
0.456423
0.365270
0.315109
0.498430
0.339151
0.467810
0.564282
0.533695
0.543773
0.491405
0.459958
0.437921
0.528564
0.507232
0.490414
0.466569
0.534119
0.460319
0.609074
0.472321
0.624644
0.705321
0.703914
0.567584
0.685087
0.586744
0.675332
0.503190
0.635559
0.578432
0.206806
0.186735
0.350314
0.636947
0.586225
0.597984
0.578851
0.702779
0.699109
0.528523
0.692492
0.670138
0.431677
0.471077
0.505915
0.528432
0.453892
0.475192
0.525731
0.538848
0.525103
0.498675
0.473847
0.488628
0.516770
0.526396
0.526917
0.525097
0.519770
0.563827
0.605822
0.526519
0.575279
0.545237
0.610489
0.625018
0.671870
0.435356
0.575548
0.607915
0.459699
0.492577
0.440628
0.527732
0.636995
0.469007
0.538837
0.704884
0.597170
0.684190
0.648232
0.636996
0.687165
0.578669
0.637421
0.566783
0.527434
0.709843
0.582352
0.690092
0.641946
0.591167
0.604730
0.632526
0.648784
0.458157
0.527079
0.593911
0.628737
0.658745
0.422823
0.530075
0.546528
0.598546
0.630588
0.405724
0.507900
0.580291
0.581972
0.604959
0.566739
0.724432
0.589576
0.448217
0.428958
0.693701
0.762306
0.590228
0.518872
0.451960
0.696622
0.760741
0.601295
0.568416
0.470367
0.649539
0.366735
0.448201
0.393332
0.440041
0.417488
0.351463
0.374266
0.370834
0.397966
0.416978
0.345124
0.437175
0.383463
0.384527
0.448148
0.551491
0.569866
0.381363
0.590841
0.657794
0.485454
0.583810
0.608808
0.501669
0.547646
0.516328
0.493777
0.518172
0.479438
0.448781
0.523236
0.450993
0.481691
0.413551
0.480893
0.501947
0.402323
0.432997
0.433336
0.508357
0.528709
0.564133
0.522031
0.535638
0.594464
0.594328
0.626123
0.641170
0.539526
0.505615
0.520914
0.553688
0.515053
0.541181
0.497582
0.450956
0.662318
0.601212
0.464822
0.526310
0.480233
0.705129
0.658516
0.483336
0.697517
0.666396
0.742868
0.727302
0.588864
0.422443
0.519062
0.465449
0.406001
0.476773
0.558868
0.608138
0.590673
0.512566
0.596788
0.530715
0.618487
0.538094
0.435713
0.503729
0.393267
0.571022
0.510893
0.457909
0.389289
0.397022
0.558091
0.467311
0.405965
0.338826
0.410676
0.579557
0.477627
0.415125
0.379312
0.583627
0.323679
0.382133
0.343888
0.581739
0.583294
0.538932
0.555250
0.609850
0.600023
0.623328
0.401713
0.389828
0.434148
0.624269
0.577053
0.377420
0.488177
0.661222
0.412385
0.574306
0.511928
0.250397
0.419860
0.585549
0.652167
0.632680
0.540702
0.553534
0.433019
0.433262
0.467064
0.647456
0.660692
0.431996
0.504455
0.593691
0.614137
0.604807
0.431684
0.494393
0.581227
0.757908
0.763151
0.753656
0.805082
0.803720
0.805900
0.767294
0.769289
0.773634
0.667438
0.497691
0.379851
0.455213
0.713058
0.622528
0.497244
0.524493
0.576406
0.501841
0.420697
0.438221
0.562331
0.457360
0.551865
0.727651
0.732073
0.544436
0.523715
0.494117
0.719632
0.749021
0.601325
0.503407
0.514092
0.795032
0.733932
0.668717
0.565879
0.532904
0.661169
0.665209
0.607154
0.574971
0.667408
0.662064
0.631659
0.530300
0.662355
0.531803
0.555263
0.458641
0.467279
0.538743
0.431579
0.443749
0.503037
0.387981
0.591922
0.489930
0.446667
0.651247
0.514734
0.619825
0.636968
0.489659
0.440075
0.409267
0.443798
0.657743
0.418508
0.452554
0.644167
0.388733
0.481069
0.653277
0.540433
0.507218
0.546006
0.464188
0.477830
0.612365
0.582923
0.615750
0.582399
0.563419
0.650535
0.561331
0.534985
0.530879
0.484469
0.306842
0.321996
0.290675
0.291879
0.316305
0.348080
0.379794
0.384651
0.386713
0.414563
0.382617
0.401217
0.548814
0.413379
0.576680
0.400083
0.442603
0.466401
0.500111
0.549062
0.532805
0.477585
0.501717
0.466936
0.531909
0.412716
0.377657
0.671137
0.586086
0.689132
0.609549
0.607887
0.716714
0.521695
0.695710
0.453121
0.467287
0.731063
0.602373
0.695801
0.459417
0.486018
0.389993
0.576130
0.661180
0.372003
0.520524
0.637941
0.372734
0.486449
0.651467
0.421551
0.441446
0.602099
0.715257
0.603939
0.497456
0.704745
0.669846
0.670677
0.557582
0.365589
0.609626
0.613007
0.667015
0.596204
0.484942
0.645651
0.555114
0.644706
0.573497
0.441235
0.670342
0.729675
0.689100
0.610240
0.500449
0.703934
0.759828
0.688332
0.600937
0.533962
0.673819
0.745509
0.714021
0.808750
0.809006
0.802217
0.751759
0.807393
0.749820
0.738815
0.658358
0.726938
0.738618
0.753559
0.699202
0.739112
0.584618
0.683174
0.684608
0.655910
0.545121
0.633201
0.623069
0.630841
0.519054
0.589232
0.498575
0.540800
0.521760
0.501828
0.531493
0.566852
0.551928
0.448909
0.543375
0.482724
0.473841
0.469105
0.493775
0.518280
0.305386
0.519909
0.540993
0.574918
0.377532
0.566439
0.479534
0.516722
0.347963
0.513997
0.822905
0.859800
0.726456
0.824886
0.834458
0.801353
0.790500
0.691461
0.798892
0.805527
0.772393
0.758695
0.699852
0.747126
0.765476
0.540492
0.526590
0.591330
0.648608
0.506937
0.277729
0.380384
0.732096
0.560174
0.367759
0.508075
0.659026
0.544425
0.366783
0.485722
0.543098
0.672032
0.733714
0.563663
0.536849
0.562046
0.696828
0.748826
0.602897
0.588282
0.534295
0.674949
0.739691
0.565656
0.549637
0.577749
0.705334
0.774313
0.622467
0.593475
0.417318
0.452093
0.418239
0.445219
0.473800
0.527526
0.562170
0.533945
0.571116
0.476425
0.509740
0.481148
0.510271
0.505675
0.480715
0.587316
0.795293
0.553559
0.691867
0.630348
0.661919
0.832377
0.534494
0.655634
0.666814
0.587307
0.778844
0.533335
0.597087
0.602131
0.091060
0.105393
0.380568
0.140966
0.192240
0.371442
0.484951
0.443570
0.336936
0.459183
0.512155
0.550358
0.409086
0.402050
0.479730
0.547405
0.538299
0.456662
0.431696
0.508604
0.542511
0.570840
0.606854
0.558398
0.566173
0.604646
0.569081
0.653667
0.679008
0.623894
0.899127
0.879158
0.686570
0.671196
0.577795
0.875802
0.870974
0.678345
0.643823
0.504244
0.869356
0.869903
0.610242
0.685740
0.507271
0.842695
0.843871
0.644355
0.657841
0.426387
0.802625
0.741198
0.760283
0.762113
0.786511
0.770280
0.666712
0.757996
0.615758
0.661958
0.782016
0.763768
0.753140
0.725477
0.745293
0.611568
0.681330
0.832717
0.804138
0.575706
0.631783
0.789426
0.759819
0.580938
0.647735
0.779844
0.760704
0.541233
0.609766
0.429690
0.544998
0.536130
0.497963
0.522911
0.472970
0.473792
0.466465
0.548855
0.588589
0.438933
0.476648
0.526441
0.692308
0.559126
0.540776
0.648793
0.758322
0.564271
0.539443
0.707706
0.757604
0.643146
0.484106
0.657015
0.596687
0.580819
0.522250
0.547945
0.685597
0.657693
0.626275
0.657318
0.597867
0.567637
0.509921
0.523306
0.804377
0.779751
0.778843
0.712008
0.741255
0.765834
0.799548
0.733786
0.653648
0.767888
0.785238
0.741643
0.752232
0.702921
0.740943
0.641565
0.516432
0.626764
0.664281
0.630150
0.682420
0.623238
0.652831
0.687434
0.672045
0.649189
0.536632
0.628186
0.650265
0.599063
0.587085
0.469181
0.451935
0.606291
0.533451
0.489171
0.519368
0.457163
0.425156
0.611971
0.474447
0.630696
0.426890
0.524273
0.719572
0.492115
0.722808
0.520605
0.577133
0.708235
0.462858
0.699311
0.512644
0.570696
0.490343
0.586267
0.590280
0.522612
0.373290
0.432272
0.513236
0.565433
0.411798
0.254738
0.536189
0.573081
0.621444
0.507362
0.358493
0.669204
0.681000
0.755938
0.733593
0.733480
0.631014
0.637915
0.740596
0.730428
0.715282
0.682865
0.688267
0.777758
0.746537
0.739894
0.510034
0.487285
0.493225
0.529955
0.526748
0.535935
0.485219
0.513022
0.518014
0.522272
0.473101
0.426505
0.441734
0.450807
0.516312
0.467576
0.456088
0.523608
0.460639
0.492553
0.367026
0.540026
0.594996
0.481092
0.551195
0.495180
0.523538
0.697871
0.615900
0.557767
0.540269
0.685042
0.664080
0.598279
0.579258
0.744317
0.594569
0.513483
0.539128
0.590935
0.625133
0.607707
0.536565
0.574753
0.613742
0.654356
0.571460
0.494217
0.516727
0.588163
0.611890
0.587587
0.497576
0.556866
0.585582
0.630189
0.729799
0.684820
0.617093
0.652133
0.546366
0.657929
0.605990
0.542057
0.562189
0.533135
0.827681
0.797852
0.733187
0.799506
0.632973
0.466357
0.691850
0.642694
0.570923
0.652387
0.380404
0.685042
0.605723
0.564947
0.617985
0.435895
0.630727
0.576725
0.506690
0.613894
0.590646
0.367802
0.432315
0.538415
0.550222
0.387286
0.420549
0.565333
0.541823
0.390114
0.423374
0.546231
0.822405
0.454075
0.588196
0.694390
0.764825
0.816424
0.447238
0.556944
0.652503
0.715034
0.749914
0.533999
0.507085
0.615058
0.730667
0.419433
0.447093
0.500189
0.229580
0.330898
0.467723
0.480213
0.479324
0.251418
0.366708
0.410436
0.465820
0.457750
0.299592
0.377169
0.825752
0.565512
0.708518
0.622097
0.622551
0.798298
0.529783
0.666083
0.626231
0.539896
0.818857
0.572082
0.673268
0.571608
0.568927
0.151137
0.382151
0.482652
0.237310
0.440156
0.513860
0.243141
0.456211
0.518607
0.534951
0.615838
0.467838
0.647950
0.557666
0.561499
0.448161
0.656769
0.596811
0.652694
0.517984
0.685066
0.568329
0.406680
0.559394
0.633172
0.467253
0.590742
0.555709
0.458645
0.471262
0.555388
0.456649
0.420512
0.701960
0.743191
0.807956
0.792425
0.754574
0.673090
0.747401
0.745314
0.720071
0.654912
0.687871
0.756749
0.763074
0.731689
0.704851
0.507003
0.537450
0.451944
0.482725
0.453127
0.352950
0.437143
0.476859
0.394388
0.545330
0.459260
0.414129
0.326006
0.601272
0.493978
0.320995
0.702511
0.526441
0.624943
0.565394
0.481024
0.644074
0.426177
0.552100
0.529498
0.468727
0.653202
0.401213
0.510632
0.412921
0.647616
0.626296
0.370058
0.461295
0.416161
0.641711
0.598313
0.409467
0.478936
0.417585
0.639993
0.600025
0.745384
0.711471
0.644589
0.594108
0.768280
0.755770
0.719087
0.709724
0.667106
0.727359
0.742887
0.720150
0.624504
0.555414
0.821637
0.451590
0.302005
0.286987
0.396458
0.375040
0.529289
0.360379
0.364985
0.410132
0.487148
0.525512
0.265746
0.299611
0.459114
0.393717
0.707017
0.708172
0.686537
0.697203
0.693151
0.711593
0.673037
0.675709
0.706845
0.331858
0.274472
0.644120
0.644450
0.538453
0.385668
0.365753
0.607696
0.618440
0.557229
0.386938
0.332582
0.644475
0.643499
0.507319
0.679719
0.721056
0.676050
0.498948
0.606293
0.574557
0.619284
0.553079
0.373578
0.529869
0.573833
0.641938
0.560477
0.349871
0.516373
0.456086
0.629487
0.393937
0.608954
0.604986
0.514023
0.640490
0.533264
0.683423
0.696020
0.589872
0.702268
0.585411
0.715952
0.765326
0.533347
0.563308
0.339148
0.370533
0.438256
0.518414
0.520411
0.361385
0.394991
0.444032
0.538608
0.574909
0.344755
0.405008
0.448326
0.483252
0.545165
0.577763
0.613993
0.659546
0.548111
0.578431
0.604548
0.659475
0.674420
0.640684
0.689520
0.691794
0.706333
0.736982
0.433849
0.456258
0.425652
0.388513
0.323606
0.474448
0.523890
0.427539
0.463486
0.388087
0.458585
0.483499
0.398147
0.448139
0.346829
0.727395
0.642436
0.621226
0.735360
0.730909
0.695054
0.564718
0.772071
0.724537
0.649415
0.573904
0.724210
0.396024
0.528648
0.593025
0.621928
0.583020
0.407773
0.519989
0.562538
0.553939
0.546249
0.497986
0.539267
0.590380
0.589261
0.574218
0.720436
0.556834
0.740944
0.669175
0.691630
0.698887
0.490584
0.719154
0.658334
0.657743
0.676338
0.507073
0.679515
0.629371
0.635098
0.404901
0.448051
0.281079
0.333324
0.414947
0.483481
0.359327
0.428320
0.430590
0.501703
0.332332
0.417713
0.447929
0.683442
0.573291
0.670451
0.634506
0.498700
0.633430
0.521050
0.688219
0.617183
0.573675
0.710282
0.642286
0.764095
0.711903
0.531758
0.742952
0.683466
0.602252
0.632397
0.602087
0.541964
0.573172
0.566663
0.456212
0.551383
0.432567
0.557765
0.509129
0.422244
0.532947
0.430965
0.541047
0.499038
0.395189
0.506024
0.475427
0.513327
0.505010
0.651802
0.740855
0.482624
0.486130
0.679664
0.710051
0.472097
0.518797
0.587891
0.633776
0.529590
0.624383
0.371748
0.467551
0.455871
0.402788
0.528483
0.356126
0.421226
0.385318
0.420322
0.472444
0.384102
0.456845
0.443178
0.409851
0.576530
0.541656
0.487182
0.485520
0.484939
0.610625
0.536670
0.508753
0.537703
0.616750
0.523129
0.497848
0.524149
0.559600
0.501796
0.500071
0.486121
0.555090
0.465685
0.320317
0.662570
0.586799
0.438892
0.586998
0.533487
0.348018
0.598104
0.725135
0.615250
0.633969
0.604512
0.754397
0.588613
0.626055
0.561290
0.671829
0.546346
0.541051
0.435377
0.524234
0.509870
0.463337
0.569434
0.487036
0.502138
0.578017
0.516397
0.499870
0.562521
0.566117
0.619071
0.623430
0.494584
0.609247
0.546773
0.613678
0.528657
0.479820
0.616467
0.524786
0.573135
0.510754
0.465319
0.599116
0.499406
0.569076
0.529865
0.472507
0.497091
0.411387
0.393452
0.482573
0.521119
0.418206
0.390692
0.508976
0.476729
0.420767
0.371079
0.489618
0.650233
0.663382
0.712880
0.714085
0.718358
0.705992
0.705111
0.716320
0.712203
0.696931
0.675184
0.715346
0.752012
0.761188
0.737835
0.696711
0.644576
0.653333
0.750079
0.801780
0.657812
0.623929
0.612130
0.700654
0.774347
0.647297
0.639216
0.591667
0.682773
0.742404
0.652329
0.624722
0.631582
0.601088
0.681113
0.784151
0.630080
0.659942
0.665081
0.760498
0.641697
0.662082
0.657429
0.639639
0.696302
0.668764
0.713759
0.745461
0.699252
0.686316
0.722499
0.696434
0.726399
0.731568
0.634147
0.662536
0.822340
0.727049
0.718332
0.757026
0.817435
0.764790
0.685700
0.740847
0.811026
0.686029
0.747180
0.806115
0.803516
0.736824
0.708595
0.616989
0.680363
0.725095
0.701223
0.679932
0.580059
0.691559
0.642676
0.667743
0.705009
0.593371
0.757825
0.618542
0.652520
0.704232
0.663832
0.578477
0.647031
0.546685
0.782598
0.784697
0.724343
0.779123
0.655181
0.563384
0.456011
0.583543
0.665958
0.711170
0.511251
0.406924
0.490640
0.624587
0.622643
0.605913
0.503635
0.587327
0.582669
0.738580
0.480182
0.298129
0.353736
0.315549
0.331793
0.488840
0.448706
0.493773
0.383833
0.470412
0.506686
0.439649
0.494926
0.457159
0.476229
0.681115
0.782891
0.752385
0.814607
0.522723
0.607565
0.672063
0.622745
0.699542
0.393964
0.700411
0.771880
0.734683
0.808566
0.454203
0.602002
0.554568
0.548938
0.537054
0.525243
0.388475
0.633506
0.676757
0.660160
0.649118
0.662407
0.483643
0.481017
0.616487
0.598762
0.784858
0.833507
0.775348
0.821500
0.787404
0.846973
0.871511
0.804524
0.838084
0.827060
0.799880
0.807519
0.731461
0.756122
0.763772
0.522209
0.541838
0.503622
0.489303
0.486332
0.480740
0.497699
0.280758
0.477164
0.440880
0.534318
0.286710
0.501471
0.592057
0.503570
0.584863
0.470383
0.524618
0.504899
0.452639
0.535805
0.612237
0.564419
0.581997
0.487259
0.373727
0.476250
0.535781
0.548431
0.619070
0.613206
0.597486
0.602851
0.462814
0.483486
0.623977
0.565930
0.634852
0.557761
0.429696
0.591756
0.543017
0.600747
0.538657
0.488620
0.579724
0.573343
0.631523
0.570621
0.559238
0.619510
0.684539
0.624526
0.632518
0.452475
0.631188
0.637994
0.570574
0.610497
0.522337
0.581268
0.698377
0.646771
0.631549
0.391798
0.663241
0.617303
0.674089
0.598538
0.525322
0.695367
0.655460
0.647709
0.623344
0.499203
0.678751
0.655490
0.574152
0.592187
0.407370
0.540220
0.483113
0.414580
0.404839
0.487852
0.506382
0.428634
0.386647
0.510198
0.507509
0.442894
0.356413
0.468486
0.619830
0.637044
0.618188
0.509273
0.555525
0.644779
0.654708
0.626277
0.525025
0.486216
0.635681
0.651835
0.639460
0.531022
0.579101
0.462861
0.470985
0.362376
0.451571
0.431458
0.435875
0.458486
0.356088
0.408464
0.391700
0.450616
0.453706
0.394113
0.408802
0.381715
0.629147
0.347409
0.399409
0.564313
0.582490
0.547779
0.326311
0.446017
0.435450
0.449820
0.658562
0.430615
0.505064
0.618611
0.644480
0.448073
0.474210
0.519790
0.532517
0.534314
0.553362
0.621560
0.555587
0.488199
0.531463
0.544139
0.582504
0.711120
0.594199
0.564513
0.658026
0.689249
0.605783
0.553535
0.675656
0.634842
0.542114
0.559343
0.679193
0.471898
0.501741
0.404415
0.545990
0.670747
0.481153
0.492843
0.565890
0.624512
0.750563
0.455901
0.478812
0.446764
0.543400
0.674108
0.711907
0.699371
0.806357
0.788085
0.667356
0.664364
0.809399
0.727010
0.702712
0.650727
0.770436
0.667633
0.452676
0.432888
0.440474
0.432483
0.447460
0.442399
0.444376
0.435283
0.414648
0.364344
0.417497
0.462564
0.439583
0.432007
0.389221
0.568181
0.616004
0.555387
0.614959
0.661547
0.602844
0.642454
0.694240
0.623048
0.530988
0.517065
0.524822
0.502682
0.531050
0.628482
0.641591
0.646155
0.582315
0.573918
0.683562
0.671955
0.669697
0.631302
0.645053
0.592609
0.663445
0.526521
0.563956
0.665559
0.493596
0.582056
0.672223
0.525750
0.524592
0.475558
0.356902
0.477612
0.417683
0.378922
0.392899
0.513803
0.382410
0.348812
0.326948
0.472692
0.477716
0.492413
0.362363
0.296349
0.453042
0.556046
0.480013
0.340043
0.309415
0.394086
0.440867
0.441075
0.455688
0.538051
0.365359
0.363628
0.401526
0.342555
0.416861
0.413096
0.475794
0.424959
0.495514
0.540891
0.213126
0.529689
0.352207
0.485995
0.668208
0.272657
0.563739
0.411869
0.553273
0.712493
0.253101
0.544754
0.373926
0.519160
0.659801
0.543092
0.539127
0.304796
0.362172
0.492247
0.506276
0.363862
0.342587
0.532002
0.518097
0.324580
0.340079
0.240084
0.304988
0.393825
0.233400
0.244786
0.485579
0.354323
0.312690
0.522942
0.675028
0.360802
0.324284
0.793179
0.708674
0.692341
0.415736
0.363295
0.801280
0.704215
0.666150
0.402687
0.366000
0.775034
0.670781
0.558026
0.497631
0.527455
0.380234
0.475796
0.521839
0.520964
0.510625
0.375198
0.446333
0.518355
0.530172
0.513708
0.385012
0.474433
0.586668
0.489401
0.670077
0.519708
0.451337
0.614091
0.552918
0.488023
0.645152
0.584571
0.700274
0.598640
0.693018
0.274549
0.514016
0.657117
0.473158
0.615967
0.358900
0.476982
0.599650
0.459159
0.558289
0.352546
0.557426
0.544534
0.452041
0.524547
0.553229
0.513254
0.491041
0.391295
0.512307
0.555360
0.575701
0.548893
0.435537
0.522853
0.544262
0.516033
0.558890
0.674588
0.721133
0.629690
0.651151
0.686778
0.748269
0.605872
0.618617
0.605715
0.725809
0.586459
0.508925
0.450054
0.512476
0.608481
0.512907
0.474009
0.527711
0.619568
0.507083
0.444127
0.486405
0.485013
0.537813
0.542394
0.385284
0.480470
0.444470
0.512529
0.506869
0.372203
0.436485
0.485390
0.555906
0.543768
0.402425
0.488257
0.665033
0.649901
0.700683
0.726306
0.773307
0.646582
0.599153
0.679351
0.692616
0.730502
0.655747
0.563769
0.693908
0.707706
0.726932
0.539672
0.568923
0.411917
0.512529
0.567323
0.561583
0.621514
0.481288
0.594237
0.602295
0.597591
0.640645
0.532348
0.628794
0.559321
0.444083
0.469798
0.663473
0.462151
0.513933
0.713331
0.553012
0.587649
0.674301
0.316668
0.504287
0.413471
0.376757
0.445851
0.292143
0.481970
0.398042
0.357876
0.443444
0.329493
0.519469
0.432924
0.405287
0.465708
0.715843
0.478104
0.503560
0.464066
0.409912
0.722846
0.528639
0.569224
0.519308
0.421154
0.736838
0.519181
0.536163
0.465134
0.407402
0.568893
0.642877
0.424665
0.394763
0.441947
0.627338
0.684964
0.510680
0.492906
0.559060
0.579161
0.583665
0.468210
0.487392
0.538835
0.391895
0.411578
0.330103
0.567868
0.446342
0.360321
0.318627
0.240292
0.484890
0.349232
0.322758
0.335724
0.287001
0.518409
0.370852
0.732347
0.642736
0.594982
0.699365
0.600495
0.639620
0.759687
0.603455
0.646104
0.702949
0.779061
0.747102
0.797533
0.823974
0.798947
0.688623
0.756901
0.724550
0.694577
0.724376
0.500996
0.615904
0.593300
0.609221
0.779509
0.781776
0.585319
0.324571
0.202295
0.292960
0.392249
0.373172
0.427314
0.458859
0.427031
0.400447
0.460640
0.462235
0.489565
0.461212
0.533822
0.511828
0.484456
0.464173
0.475457
0.493089
0.633610
0.631000
0.640744
0.703462
0.617752
0.706175
0.676941
0.689647
0.746957
0.684790
0.692095
0.679733
0.705606
0.758199
0.682925
0.678002
0.747456
0.787421
0.628807
0.648936
0.682245
0.771058
0.696090
0.670108
0.677300
0.666735
0.717610
0.752461
0.594491
0.624693
0.481106
0.489626
0.518499
0.442129
0.471388
0.453683
0.458862
0.427209
0.426924
0.453274
0.440681
0.487063
0.443020
0.472264
0.456035
0.354460
0.508405
0.596872
0.563650
0.566656
0.377099
0.508911
0.589335
0.550516
0.569027
0.409954
0.554247
0.626814
0.620703
0.600951
0.439448
0.586069
0.671290
0.623877
0.624321
0.463054
0.714690
0.693456
0.428098
0.615811
0.588734
0.459583
0.641998
0.621429
0.203608
0.170381
0.309901
0.202837
0.147714
0.361048
0.845886
0.757032
0.701071
0.791542
0.594781
0.836234
0.724785
0.696501
0.770672
0.642331
0.846505
0.757255
0.707135
0.798970
0.595599
0.604787
0.544042
0.626477
0.640303
0.694205
0.644617
0.649799
0.658776
0.730892
0.687813
0.594144
0.572469
0.576335
0.679310
0.633190
0.687787
0.771807
0.525987
0.617083
0.835083
0.558382
0.763087
0.618463
0.435994
0.758561
0.517617
0.718393
0.539015
0.408689
0.744620
0.621654
0.492840
0.567524
0.653149
0.673655
0.594035
0.653880
0.708629
0.740600
0.603628
0.670740
0.751373
0.659531
0.665052
0.701350
0.782955
0.761106
0.621668
0.599608
0.624938
0.735564
0.732414
0.649051
0.593760
0.627565
0.740920
0.723078
0.616431
0.638601
0.667473
0.635350
0.564206
0.655003
0.663561
0.728027
0.688475
0.613149
0.618510
0.596769
0.705557
0.639583
0.599244
0.558401
0.543216
0.546408
0.439928
0.536082
0.590381
0.553432
0.587789
0.481978
0.564260
0.553946
0.556210
0.581574
0.479432
0.520923
0.542912
0.451978
0.420807
0.387202
0.427420
0.366751
0.320220
0.308766
0.573515
0.526509
0.458177
0.421819
0.719039
0.635428
0.628188
0.570554
0.657782
0.791957
0.692760
0.584443
0.543968
0.664284
0.845998
0.757048
0.662582
0.657953
0.675467
0.291288
0.312069
0.422223
0.404513
0.389649
0.377001
0.314175
0.315949
0.435321
0.227222
0.333050
0.561941
0.629627
0.599816
0.246797
0.362512
0.608101
0.621360
0.621109
0.229570
0.395241
0.589024
0.629265
0.643231
0.423350
0.382640
0.343318
0.369909
0.435501
0.422502
0.480499
0.391108
0.450505
0.468117
0.435930
0.397316
0.412410
0.392462
0.458527
0.139425
0.142593
0.422605
0.564749
0.602982
0.519436
0.429424
0.539194
0.637264
0.620804
0.608734
0.480944
0.613493
0.623372
0.639738
0.632496
0.501515
0.629103
0.509777
0.494567
0.455052
0.551801
0.494613
0.531488
0.670690
0.640512
0.617569
0.653870
0.492799
0.653036
0.629216
0.581011
0.632679
0.657529
0.432452
0.477916
0.380268
0.627884
0.534840
0.475991
0.537261
0.512622
0.482674
0.624213
0.453726
0.534532
0.401666
0.647553
0.583128
0.755018
0.652938
0.697030
0.761706
0.607124
0.720320
0.654323
0.654869
0.745118
0.552765
0.719007
0.603449
0.660754
0.723405
0.707718
0.697813
0.569899
0.697355
0.458710
0.741703
0.748786
0.615209
0.766270
0.474694
0.758179
0.754865
0.597607
0.741804
0.503417
0.648388
0.699524
0.595054
0.750666
0.587511
0.697092
0.713045
0.613582
0.787718
0.580744
0.801293
0.775299
0.757792
0.789890
0.646841
0.635071
0.689134
0.658070
0.526720
0.624343
0.685809
0.638445
0.647357
0.628040
0.379991
0.371092
0.451660
0.526427
0.302605
0.346314
0.398523
0.402613
0.542376
0.268983
0.317137
0.369970
0.311348
0.627254
0.207866
0.659131
0.595985
0.592372
0.656426
0.658023
0.671700
0.659615
0.740728
0.718737
0.660927
0.681576
0.716511
0.397674
0.500417
0.417347
0.365611
0.381991
0.403901
0.494215
0.307293
0.433820
0.354038
0.523426
0.655121
0.450203
0.431781
0.413310
0.190516
0.337908
0.326777
0.368753
0.321272
0.411426
0.359992
0.369126
0.355863
0.468772
0.471363
0.487243
0.592796
0.690334
0.611214
0.561117
0.523625
0.540397
0.597240
0.581218
0.547335
0.588201
0.726575
0.709488
0.562071
0.636547
0.645185
0.719796
0.741931
0.618430
0.623775
0.558650
0.676221
0.651068
0.520736
0.552739
0.382438
0.510693
0.530343
0.660136
0.422612
0.457970
0.496210
0.646360
0.422385
0.500169
0.471744
0.574529
0.335190
0.387066
0.421632
0.275605
0.303797
0.460431
0.344345
0.407392
0.429634
0.354667
0.388799
0.484438
0.495941
0.660014
0.686168
0.459625
0.560598
0.657894
0.674257
0.431428
0.535140
0.675633
0.677704
0.413059
0.574862
0.596836
0.401169
0.425851
0.321205
0.551373
0.548604
0.493879
0.400394
0.281511
0.528741
0.532536
0.511313
0.340257
0.268389
0.458578
0.353608
0.480860
0.471869
0.480289
0.490462
0.575077
0.552809
0.416717
0.376270
0.616790
0.572729
0.609712
0.627946
0.506624
0.646581
0.653888
0.688852
0.658696
0.698216
0.765825
0.801175
0.797612
0.822229
0.830748
0.597985
0.500340
0.595628
0.702412
0.479688
0.643534
0.518715
0.618470
0.684552
0.542460
0.643827
0.472125
0.591176
0.637149
0.402920
0.515330
0.540761
0.401558
0.459799
0.398723
0.540601
0.608520
0.495177
0.473512
0.452201
0.458791
0.552515
0.454563
0.477386
0.410652
0.769737
0.740045
0.439747
0.628162
0.592984
0.845359
0.809994
0.554681
0.699368
0.673519
0.823275
0.808169
0.514361
0.684354
0.614736
0.493320
0.478565
0.499862
0.461640
0.409375
0.474145
0.559543
0.492549
0.528557
0.344019
0.244254
0.774284
0.608116
0.324586
0.328094
0.219894
0.762320
0.582998
0.292722
0.299121
0.228164
0.788209
0.600562
0.316425
0.476875
0.582718
0.573138
0.595000
0.537103
0.553829
0.445863
0.502287
0.527373
0.428534
0.558579
0.466960
0.462243
0.539736
0.439780
0.570661
0.459223
0.497434
0.513736
0.443124
0.505845
0.639355
0.511000
0.475591
0.514591
0.481731
0.623163
0.563645
0.423023
0.542826
0.376894
0.535219
0.504450
0.407018
0.477646
0.732390
0.639371
0.673361
0.499759
0.599558
0.684654
0.668845
0.685125
0.493393
0.568538
0.659892
0.636550
0.626870
0.462748
0.562279
0.492818
0.354081
0.702266
0.673165
0.553541
0.718921
0.727391
0.523532
0.759206
0.731566
0.647266
0.660066
0.598198
0.613332
0.788908
0.697866
0.704840
0.648266
0.702545
0.705242
0.615653
0.589845
0.573317
0.564027
0.584729
0.555008
0.687391
0.721112
0.591891
0.550393
0.664565
0.707244
0.718742
0.741857
0.714681
0.622486
0.713780
0.748772
0.778133
0.742579
0.642883
0.755823
0.769646
0.799816
0.771789
0.650135
0.752906
0.775847
0.405929
0.545084
0.440108
0.470714
0.765259
0.454559
0.528069
0.495739
0.493238
0.742406
0.397496
0.448171
0.493040
0.442897
0.412140
0.368938
0.528531
0.527794
0.413534
0.378167
0.486986
0.487702
0.379234
0.333029
0.496300
0.478411
0.527740
0.457175
0.341222
0.537678
0.476463
0.327398
0.467171
0.436939
0.374290
0.293200
0.333000
0.263222
0.278078
0.301647
0.261768
0.243603
0.257261
0.258312
0.436022
0.591068
0.438225
0.518133
0.709099
0.516114
0.597821
0.428304
0.458915
0.643965
0.475200
0.510626
0.387591
0.460950
0.593057
0.432514
0.538237
0.407035
0.400863
0.462261
0.466942
0.581715
0.413575
0.462162
0.513335
0.533917
0.642903
0.456189
0.481239
0.547508
0.496387
0.597304
0.384309
0.498407
0.470660
0.495560
0.537883
0.483492
0.512238
0.470767
0.564801
0.640603
0.443007
0.577925
0.530299
0.603623
0.454325
0.434760
0.534655
0.510780
0.629255
0.495411
0.469316
0.445552
0.482487
0.606240
0.404329
0.401702
0.496049
0.490966
0.390378
0.429704
0.409116
0.396664
0.418237
0.441586
0.558732
0.531742
0.374806
0.508709
0.535966
0.355098
0.436548
0.455049
0.474965
0.287331
0.380216
0.410193
0.427634
0.285093
0.369510
0.345024
0.370138
0.408145
0.387704
0.547574
0.423125
0.489537
0.457300
0.467939
0.481927
0.437978
0.499164
0.492272
0.497770
0.491687
0.416980
0.446207
0.607518
0.518160
0.625171
0.416347
0.469431
0.581421
0.493747
0.639016
0.427752
0.497353
0.622448
0.483785
0.641946
0.549425
0.431620
0.329227
0.427315
0.564076
0.664287
0.576081
0.599733
0.693016
0.643446
0.657261
0.554615
0.532139
0.644690
0.690457
0.690315
0.722217
0.680602
0.639344
0.658557
0.636875
0.628267
0.669434
0.616539
0.684527
0.545779
0.620254
0.707021
0.658038
0.758533
0.579889
0.704725
0.766045
0.746780
0.758116
0.647714
0.666562
0.764306
0.745699
0.561030
0.523750
0.529974
0.681041
0.467513
0.534693
0.540654
0.535625
0.657307
0.468754
0.532982
0.501274
0.528620
0.667546
0.467887
0.581674
0.680889
0.786970
0.512320
0.716004
0.768099
0.539527
0.666995
0.812959
0.560856
0.602275
0.620538
0.584588
0.598975
0.639275
0.580444
0.605581
0.640708
0.438016
0.500191
0.542135
0.607833
0.508997
0.521146
0.646440
0.694444
0.466083
0.454981
0.610793
0.686659
0.561862
0.648563
0.631366
0.638916
0.655971
0.534140
0.570008
0.581226
0.505511
0.541726
0.665603
0.681095
0.643867
0.645861
0.641884
0.570925
0.526745
0.606508
0.714586
0.707469
0.655372
0.722019
0.803642
0.640827
0.628401
0.708678
0.780093
0.530022
0.478564
0.496540
0.557743
0.487692
0.577807
0.528091
0.552069
0.579534
0.485268
0.556190
0.454525
0.509343
0.557276
0.456583
0.646745
0.650090
0.698661
0.483860
0.448900
0.575894
0.563047
0.622972
0.419820
0.406512
0.654583
0.624616
0.657527
0.560570
0.391541
0.616766
0.589632
0.485264
0.669949
0.655929
0.510127
0.606508
0.617740
0.472077
0.513548
0.447320
0.499520
0.412034
0.514642
0.443894
0.439745
0.463202
0.545063
0.618785
0.538958
0.526939
0.392033
0.596979
0.627085
0.598554
0.573918
0.669021
0.577266
0.591004
0.562306
0.450541
0.525388
0.586988
0.619489
0.594649
0.484378
0.591005
0.529632
0.656355
0.509628
0.452702
0.631183
0.518988
0.620236
0.505167
0.449409
0.618880
0.582155
0.669160
0.530546
0.457672
0.653949
0.642574
0.728675
0.766585
0.688916
0.642566
0.706468
0.705650
0.691090
0.683297
0.799287
0.800877
0.673942
0.785565
0.677201
0.632586
0.656290
0.738759
0.672184
0.614076
0.540666
0.556983
0.730061
0.805072
0.723420
0.667438
0.692591
0.792131
0.764946
0.703451
0.771096
0.757806
0.701858
0.781370
0.718106
0.751149
0.750445
0.682306
0.773237
0.718184
0.751474
0.758902
0.678324
0.499526
0.493710
0.760535
0.716853
0.772226
0.443303
0.467776
0.743846
0.677464
0.740121
0.515539
0.533247
0.777189
0.715249
0.775679
0.449025
0.581256
0.611927
0.476086
0.536727
0.446630
0.598030
0.634740
0.509532
0.553953
0.380966
0.570414
0.589096
0.445278
0.495194
0.560623
0.600650
0.573538
0.485002
0.451365
0.523292
0.490450
0.446030
0.562339
0.540614
0.382169
0.529834
0.439248
0.304534
0.707642
0.440847
0.515099
0.407451
0.648632
0.700076
0.437888
0.489015
0.392708
0.620120
0.766728
0.573565
0.624220
0.474993
0.700302
0.307270
0.435336
0.449801
0.467255
0.369440
0.398368
0.417613
0.491520
0.346311
0.470209
0.471897
0.493183
0.653560
0.512352
0.764029
0.685615
0.533160
0.592358
0.589534
0.713345
0.755596
0.625563
0.697175
0.650028
0.771313
0.793348
0.704090
0.498863
0.541504
0.447338
0.491148
0.557252
0.488468
0.489506
0.453319
0.390749
0.599890
0.418344
0.443869
0.482409
0.483173
0.549738
0.751591
0.578462
0.628445
0.547896
0.630076
0.561374
0.500449
0.532950
0.551297
0.645057
0.438024
0.475294
0.729574
0.659416
0.651018
0.461082
0.512180
0.727086
0.634954
0.671797
0.500822
0.578387
0.770568
0.655451
0.499727
0.399118
0.492162
0.392190
0.455198
0.503534
0.410816
0.536073
0.422142
0.480859
0.531385
0.413594
0.482883
0.426029
0.477957
0.519648
0.688491
0.684856
0.514150
0.664337
0.691029
0.474527
0.636302
0.681494
0.497586
0.755047
0.415899
0.596312
0.768417
0.498138
0.421780
0.651098
0.445027
0.454843
0.514090
0.676775
0.686993
0.575600
0.453078
0.497307
0.633635
0.634442
0.515612
0.338206
0.408124
0.618594
0.621590
0.447894
0.282419
0.304001
0.230756
0.280566
0.197476
0.310446
0.329702
0.276631
0.426021
0.337187
0.288731
0.324801
0.158517
0.277641
0.233406
0.614666
0.656479
0.591099
0.609067
0.524854
0.626335
0.535467
0.537688
0.548932
0.594110
0.541886
0.502062
0.404070
0.427350
0.579067
0.393824
0.450766
0.383838
0.287294
0.496690
0.429398
0.442814
0.336036
0.387925
0.574496
0.452105
0.326292
