0.699354
0.580092
0.481565
0.646564
0.756913
0.578740
0.542626
0.703272
0.749009
0.644393
0.454121
0.675904
0.539925
0.567311
0.467515
0.435822
0.524515
0.502026
0.500171
0.456855
0.369732
0.580466
0.485259
0.462206
0.487553
0.444498
0.552677
0.766630
0.546566
0.561888
0.661023
0.506887
0.509611
0.587363
0.610974
0.572766
0.554371
0.613700
0.409055
0.361149
0.464341
0.592871
0.637486
0.505453
0.438239
0.547711
0.562803
0.568556
0.523199
0.457258
0.520016
0.522618
0.527432
0.484866
0.546939
0.519298
0.584169
0.694532
0.655952
0.654914
0.684680
0.534395
0.672615
0.649389
0.637242
0.668442
0.140580
0.354460
0.451049
0.216721
0.446320
0.505425
0.258160
0.493263
0.538309
0.589752
0.720503
0.611174
0.576808
0.541578
0.547135
0.553448
0.606770
0.521764
0.447791
0.417415
0.365153
0.589280
0.473983
0.429241
0.320961
0.232702
0.499110
0.381048
0.408865
0.328565
0.266073
0.518489
0.410027
0.560388
0.446721
0.483683
0.641624
0.449616
0.577667
0.544955
0.328635
0.473226
0.454230
0.502888
0.532739
0.581356
0.507461
0.508864
0.613145
0.638087
0.473703
0.451716
0.580847
0.655747
0.655886
0.698951
0.847354
0.778722
0.725236
0.778932
0.848906
0.796237
0.691478
0.755765
0.849026
0.739258
0.774806
0.813952
0.814323
0.784033
0.180766
0.337680
0.397150
0.392932
0.338513
0.405294
0.432156
0.390735
0.373154
0.460472
0.506541
0.504479
0.611818
0.567799
0.638433
0.679764
0.534629
0.674468
0.588922
0.646737
0.651661
0.563475
0.647755
0.536955
0.591229
0.595810
0.452459
0.798181
0.613016
0.716455
0.564120
0.480455
0.777609
0.564964
0.687126
0.560224
0.484910
0.755791
0.551361
0.651718
0.543102
0.444378
0.770086
0.628385
0.649647
0.687149
0.649877
0.703579
0.582231
0.571714
0.607912
0.506153
0.721313
0.675521
0.596652
0.631069
0.512459
0.707459
0.693934
0.656292
0.732808
0.650380
0.777725
0.718619
0.706844
0.755887
0.703974
0.757364
0.741844
0.716601
0.783411
0.721631
0.653275
0.629916
0.690208
0.696385
0.674147
0.675938
0.599808
0.712899
0.658678
0.723677
0.693171
0.599184
0.789213
0.637567
0.676675
0.681488
0.537424
0.608728
0.690380
0.642902
0.746078
0.508332
0.664738
0.728818
0.717921
0.756770
0.612844
0.658778
0.738337
0.717567
0.379955
0.364848
0.331077
0.377013
0.420550
0.386560
0.473114
0.395570
0.475957
0.471102
0.425224
0.420945
0.415847
0.412633
0.453958
0.551155
0.474452
0.379902
0.536967
0.487403
0.333558
0.459365
0.445338
0.357823
0.569009
0.537164
0.539755
0.463161
0.494918
0.651090
0.622345
0.614846
0.576808
0.552927
0.706157
0.595652
0.545822
0.566024
0.470536
0.270537
0.294383
0.412611
0.385709
0.399432
0.376448
0.249208
0.265967
0.399366
0.623270
0.684104
0.667041
0.570932
0.441555
0.628161
0.701361
0.680176
0.543792
0.416328
0.596797
0.664725
0.643626
0.503174
0.458788
0.485551
0.727789
0.617528
0.751870
0.696098
0.476003
0.694698
0.582201
0.766136
0.660576
0.570345
0.736797
0.681671
0.816710
0.742989
0.512900
0.610016
0.486048
0.530204
0.709049
0.510472
0.620791
0.445905
0.491886
0.637223
0.518407
0.542114
0.425226
0.515934
0.612799
0.552427
0.644109
0.578753
0.419567
0.545175
0.544999
0.546240
0.495165
0.436197
0.540573
0.564338
0.608753
0.579686
0.562359
0.565238
0.479671
0.460648
0.506628
0.476469
0.454582
0.347313
0.563524
0.557219
0.472999
0.629191
0.413148
0.437552
0.567087
0.565224
0.591322
0.394392
0.475916
0.480790
0.487050
0.678868
0.497376
0.508504
0.648692
0.644024
0.490438
0.573839
0.323931
0.430527
0.703656
0.663552
0.624815
0.589180
0.672180
0.658350
0.597550
0.595574
0.517803
0.538503
0.531927
0.524131
0.489790
0.595666
0.598974
0.582959
0.639229
0.533626
0.487880
0.496391
0.523639
0.497214
0.470779
0.360701
0.593113
0.470227
0.342057
0.677798
0.537827
0.632636
0.551789
0.484161
0.670066
0.449042
0.595912
0.559843
0.459227
0.681556
0.131397
0.297716
0.133936
0.215866
0.284037
0.160216
0.672782
0.712325
0.567449
0.619375
0.445563
0.667817
0.703573
0.518776
0.515637
0.506043
0.696541
0.718891
0.566663
0.591121
0.454916
0.423842
0.461898
0.501402
0.439883
0.450712
0.510972
0.552224
0.531554
0.576120
0.563762
0.557418
0.430092
0.942713
0.642268
0.509878
0.928619
0.575441
0.475956
0.943144
0.578817
0.475871
0.647816
0.677976
0.485925
0.602833
0.687548
0.720564
0.439055
0.508783
0.618258
0.639367
0.511135
0.602228
0.699967
0.644828
0.464606
0.674863
0.623642
0.681749
0.554013
0.381180
0.568935
0.602960
0.667811
0.621688
0.511230
0.610702
0.538831
0.568406
0.472982
0.511563
0.674953
0.439125
0.552193
0.508705
0.496992
0.651711
0.415278
0.531241
0.478479
0.511159
0.679293
0.441849
0.607584
0.528579
0.593118
0.640167
0.668716
0.579006
0.531660
0.594183
0.643099
0.674152
0.596114
0.520903
0.562662
0.643353
0.669215
0.578405
0.481522
0.561817
0.621358
0.668185
0.739776
0.787414
0.803652
0.781427
0.765490
0.819481
0.755523
0.727840
0.696739
0.740393
0.753464
0.745593
0.701316
0.530675
0.520094
0.467644
0.448117
0.727481
0.607312
0.611907
0.542349
0.478630
0.709178
0.534950
0.524591
0.447227
0.425585
0.579940
0.569056
0.478700
0.539569
0.581125
0.433406
0.530530
0.547941
0.431980
0.499826
0.446589
0.515733
0.438052
0.468402
0.483110
0.515964
0.455038
0.489046
0.520924
0.469961
0.478726
0.422496
0.451900
0.431220
0.780832
0.727593
0.638046
0.605573
0.743127
0.780731
0.731773
0.703494
0.688040
0.761054
0.734707
0.720505
0.619415
0.605358
0.808044
0.489186
0.465043
0.464940
0.460157
0.364379
0.500305
0.531625
0.435784
0.501809
0.399363
0.481800
0.506579
0.406153
0.490627
0.354545
0.478375
0.289847
0.308604
0.392625
0.369565
0.515182
0.350205
0.395603
0.402780
0.465491
0.530383
0.265291
0.309431
0.413712
0.377793
0.582169
0.453576
0.506155
0.599223
0.511109
0.496262
0.541953
0.443989
0.499840
0.584125
0.682622
0.661875
0.531462
0.589527
0.663206
0.721581
0.714897
0.574897
0.669684
0.608151
0.700276
0.649842
0.521486
0.595369
0.667128
0.757300
0.622472
0.683202
0.688265
0.634981
0.757300
0.575278
0.659411
0.637352
0.663665
0.726689
0.597449
0.638065
0.667407
0.515231
0.656995
0.453116
0.670404
0.549276
0.582473
0.413211
0.658664
0.590238
0.644116
0.497903
0.702475
0.633141
0.632658
0.614068
0.807284
0.598616
0.686960
0.719833
0.632590
0.794570
0.546886
0.791548
0.753722
0.780770
0.834145
0.650043
0.444103
0.425118
0.672044
0.402467
0.432931
0.640145
0.368585
0.453339
0.654193
0.614020
0.498888
0.514442
0.734867
0.699487
0.599007
0.519330
0.517090
0.720700
0.660649
0.639951
0.548274
0.601303
0.771970
0.680443
0.599390
0.655354
0.456937
0.565329
0.627059
0.741135
0.393878
0.640400
0.587567
0.661109
0.371842
0.538934
0.572946
0.602233
0.435884
0.513911
0.565181
0.545928
0.539455
0.512169
0.487188
0.475445
0.566910
0.562405
0.442420
0.477672
0.490954
0.495031
0.509618
0.527711
0.532737
0.443229
0.488178
0.481432
0.473503
0.561258
0.568795
0.604818
0.599183
0.554248
0.579870
0.516091
0.501899
0.520775
0.503797
0.619631
0.558463
0.398866
0.554429
0.432428
0.551473
0.488402
0.376229
0.505236
0.678704
0.512710
0.757583
0.700842
0.566602
0.611709
0.582940
0.682489
0.743487
0.649287
0.708175
0.639537
0.754415
0.805189
0.732542
0.515010
0.734376
0.375694
0.644289
0.762193
0.480970
0.451724
0.645146
0.438948
0.637444
0.617446
0.668349
0.694540
0.723709
0.646807
0.719250
0.705574
0.798625
0.725978
0.639398
0.647620
0.672401
0.750142
0.711041
0.801243
0.529983
0.638745
0.765270
0.540274
0.623098
0.770212
0.557726
0.628518
0.505725
0.597108
0.535956
0.573374
0.633073
0.525682
0.598317
0.666980
0.547394
0.643558
0.671914
0.589124
0.543705
0.533772
0.739097
0.755568
0.679716
0.654480
0.621223
0.693352
0.715092
0.723939
0.648542
0.619250
0.568386
0.503200
0.338036
0.497083
0.418301
0.319946
0.906976
0.884075
0.668540
0.636715
0.542580
0.874916
0.882003
0.639079
0.572075
0.473246
0.865062
0.867060
0.601187
0.627060
0.490444
0.866515
0.858188
0.641150
0.604968
0.463627
0.724486
0.718735
0.544565
0.636523
0.568890
0.641961
0.771326
0.746848
0.601918
0.656268
0.469014
0.381673
0.413304
0.713043
0.595783
0.487032
0.503951
0.584721
0.450709
0.389908
0.413004
0.447111
0.505424
0.504064
0.483164
0.421472
0.439730
0.495295
0.467021
0.436037
0.369046
0.410120
0.490840
0.458990
0.409893
0.351807
0.310456
0.342838
0.380619
0.378005
0.448019
0.340365
0.330886
0.429849
0.427953
0.470324
0.375280
0.395737
0.407187
0.439805
0.455017
0.308165
0.299021
0.282036
0.260792
0.259482
0.295405
0.265924
0.261117
0.283014
0.711670
0.705373
0.635124
0.467177
0.461497
0.712377
0.685812
0.577162
0.458853
0.436985
0.724289
0.681612
0.647441
0.445133
0.476650
0.655788
0.608783
0.645686
0.388666
0.606488
0.656779
0.597303
0.608774
0.448973
0.527554
0.681571
0.655715
0.691628
0.345369
0.641565
0.374372
0.384554
0.429227
0.492384
0.429297
0.416072
0.488452
0.522163
0.486342
0.466886
0.531903
0.546726
0.487936
0.509116
0.520739
0.570469
0.513438
0.532271
0.588218
0.463755
0.295173
0.541561
0.557375
0.602433
0.433592
0.316321
0.503733
0.576033
0.614322
0.434945
0.352812
0.490686
0.514353
0.623542
0.494465
0.548586
0.473508
0.512233
0.617489
0.533710
0.568220
0.466802
0.551007
0.630213
0.503516
0.540073
0.589328
0.676817
0.776565
0.528359
0.730064
0.793046
0.575104
0.691252
0.808724
0.854279
0.573168
0.715281
0.639988
0.641295
0.814287
0.491815
0.641397
0.598855
0.534652
0.866161
0.557354
0.675590
0.564565
0.573939
0.538479
0.622450
0.563138
0.478038
0.537046
0.526884
0.601801
0.555574
0.458722
0.508466
0.540382
0.623342
0.588920
0.462900
0.515055
0.579956
0.673315
0.535390
0.563278
0.685136
0.501048
0.585911
0.716619
0.497915
0.627865
0.514939
0.571624
0.661405
0.650437
0.594179
0.585882
0.664922
0.706588
0.639423
0.622628
0.716184
0.602493
0.537103
0.525483
0.488372
0.458798
0.431936
0.539367
0.510480
0.538401
0.473399
0.522372
0.447824
0.506586
0.482336
0.368575
0.435099
0.443207
0.493503
0.499080
0.334166
0.358325
0.379064
0.481045
0.469684
0.434270
0.347234
0.356461
0.720889
0.736172
0.850403
0.774481
0.659412
0.691611
0.833664
0.720920
0.681326
0.654890
0.779991
0.630573
0.845891
0.859697
0.868575
0.772953
0.829158
0.859823
0.771913
0.850113
0.866324
0.732616
0.748196
0.595319
0.640492
0.732159
0.696198
0.591393
0.618280
0.699973
0.691972
0.587479
0.579670
0.665147
0.642950
0.680722
0.673196
0.638245
0.717452
0.690581
0.720158
0.697099
0.650911
0.687460
0.701135
0.729251
0.734997
0.684197
0.600022
0.598046
0.601480
0.691377
0.642127
0.570388
0.557897
0.514424
0.608468
0.579762
0.639238
0.554632
0.660338
0.575290
0.569735
0.452961
0.265836
0.345714
0.338439
0.306823
0.486287
0.397148
0.478624
0.432411
0.467900
0.443847
0.350548
0.435104
0.443602
0.403321
0.693461
0.348212
0.367923
0.778060
0.785489
0.703032
0.364659
0.362005
0.785370
0.767162
0.678825
0.352775
0.362753
0.732760
0.732763
0.763939
0.817273
0.807720
0.709968
0.743772
0.778149
0.723259
0.681553
0.764879
0.845201
0.804076
0.662553
0.318285
0.332521
0.695437
0.676372
0.466525
0.356628
0.404355
0.658181
0.655872
0.514864
0.363286
0.401555
0.678473
0.652687
0.446932
0.853502
0.877499
0.723529
0.859980
0.826336
0.826484
0.856067
0.710818
0.851264
0.824142
0.800985
0.764974
0.684195
0.787672
0.755225
0.415402
0.424451
0.473829
0.337836
0.351173
0.489695
0.378689
0.409032
0.428078
0.418419
0.409472
0.522926
0.737605
0.552216
0.561074
0.654861
0.501143
0.522096
0.680361
0.651993
0.559561
0.671830
0.453824
0.733415
0.720188
0.617668
0.741811
0.497881
0.740337
0.710512
0.583965
0.717379
0.518810
0.398979
0.530153
0.481092
0.449346
0.504592
0.471970
0.572572
0.531345
0.516471
0.599986
0.508754
0.629979
0.528219
0.452896
0.539058
0.325870
0.274284
0.711292
0.593238
0.279099
0.299293
0.243755
0.732371
0.619979
0.281267
0.251969
0.230815
0.732346
0.613545
0.266239
0.661101
0.640599
0.823004
0.808986
0.616223
0.603497
0.781864
0.736479
0.589010
0.627628
0.793759
0.758505
0.523178
0.536146
0.643023
0.709581
0.596846
0.604894
0.630192
0.706562
0.625387
0.641507
0.606222
0.750191
0.492297
0.683544
0.668144
0.601385
0.567235
0.587953
0.566302
0.528894
0.583786
0.772000
0.713885
0.750031
0.638890
0.717278
0.811730
0.751529
0.757253
0.680538
0.764997
0.832534
0.785710
0.789266
0.680266
0.775675
0.559841
0.454064
0.549150
0.545833
0.458352
0.531183
0.505459
0.552800
0.495487
0.494693
0.507967
0.400569
0.461593
0.595176
0.449158
0.530475
0.580600
0.437963
0.573836
0.639122
0.556224
0.415893
0.454337
0.378989
0.382687
0.421565
0.385807
0.565239
0.538621
0.336964
0.267264
0.254738
0.378748
0.295654
0.229822
0.450594
0.371147
0.290249
0.507261
0.679522
0.682743
0.721656
0.669165
0.723760
0.760287
0.793345
0.801612
0.797008
0.821034
0.600847
0.592995
0.510734
0.499897
0.438753
0.388417
0.492872
0.524521
0.451256
0.403245
0.516882
0.548054
0.481630
0.352296
0.466913
0.310135
0.209287
0.290082
0.431618
0.316632
0.496529
0.330230
0.475845
0.326844
0.304342
0.526011
0.384564
0.442412
0.409114
0.315066
0.501548
0.332402
0.446434
0.691352
0.674889
0.644645
0.600005
0.705267
0.789206
0.693874
0.676613
0.655416
0.797438
0.669452
0.688672
0.672420
0.621103
0.741486
0.560361
0.575431
0.565395
0.577023
0.607139
0.600087
0.678301
0.660976
0.661046
0.534248
0.444987
0.361468
0.385633
0.557777
0.621776
0.594748
0.627300
0.670219
0.585187
0.577472
0.556940
0.558131
0.567750
0.638931
0.692068
0.739565
0.500619
0.597977
0.823916
0.567140
0.740047
0.611707
0.398532
0.731669
0.565527
0.731781
0.520870
0.397239
0.723380
0.590756
0.551065
0.532359
0.543986
0.539932
0.340804
0.546206
0.583061
0.628252
0.612141
0.635838
0.509422
0.518780
0.583495
0.584103
0.775839
0.706903
0.775607
0.613695
0.608670
0.820191
0.681585
0.679717
0.505106
0.559309
0.806085
0.693622
0.661963
0.517383
0.457913
0.600012
0.485937
0.599928
0.490046
0.536468
0.540651
0.441452
0.529132
0.427773
0.473571
0.547816
0.470442
0.551058
0.457214
0.516740
0.595838
0.601475
0.645935
0.671858
0.740056
0.442325
0.623366
0.609882
0.471927
0.535320
0.487437
0.584006
0.647018
0.524035
0.611994
0.775895
0.763816
0.756367
0.800077
0.795616
0.788067
0.789906
0.789963
0.779054
0.652279
0.654042
0.664286
0.708227
0.779399
0.648824
0.627592
0.678386
0.697919
0.763198
0.648025
0.598072
0.690691
0.687414
0.752072
0.457608
0.573124
0.575857
0.593455
0.638606
0.549551
0.647190
0.590542
0.659846
0.669970
0.615081
0.712929
0.667571
0.692427
0.731004
0.729822
0.620821
0.630335
0.529995
0.663604
0.799970
0.704495
0.663801
0.588161
0.690490
0.845263
0.787911
0.719960
0.693787
0.696496
0.403168
0.485438
0.513467
0.679616
0.432037
0.424595
0.481633
0.626880
0.386000
0.470318
0.473985
0.522280
0.432134
0.535216
0.556859
0.564358
0.443730
0.478193
0.532622
0.542585
0.517769
0.474129
0.451750
0.529227
0.551204
0.555195
0.493960
0.500758
0.530983
0.582388
0.590154
0.508222
0.452357
0.634906
0.644253
0.599901
0.637782
0.422003
0.645406
0.627557
0.621130
0.630094
0.480919
0.602694
0.629860
0.558288
0.630008
0.502440
0.466707
0.711749
0.601457
0.462338
0.539672
0.515025
0.751311
0.660764
0.498706
0.722761
0.650160
0.792590
0.730943
0.576715
0.648168
0.698908
0.606621
0.434528
0.593953
0.608476
0.655224
0.574449
0.415184
0.546947
0.562130
0.627047
0.543185
0.338018
0.527886
0.413315
0.419221
0.639437
0.661313
0.613248
0.457285
0.511787
0.629857
0.654490
0.602183
0.337326
0.366495
0.603623
0.628523
0.530789
0.633518
0.604241
0.607963
0.565350
0.737741
0.746803
0.498146
0.701256
0.709195
0.426092
0.456506
0.615519
0.489596
0.631034
0.414993
0.479695
0.618916
0.468919
0.625524
0.456631
0.532173
0.668256
0.457800
0.624560
0.849682
0.806121
0.762756
0.829414
0.623958
0.822631
0.773677
0.732044
0.802057
0.626530
0.819995
0.755380
0.715141
0.808546
0.573331
0.716653
0.606712
0.616374
0.606380
0.627450
0.779259
0.702413
0.708981
0.677679
0.745234
0.689281
0.626698
0.595283
0.575664
0.613605
0.751812
0.686275
0.629842
0.661705
0.569096
0.677407
0.598301
0.535330
0.564519
0.557425
0.846067
0.807221
0.743376
0.805205
0.670649
0.622365
0.657409
0.626782
0.589618
0.628069
0.595010
0.621306
0.642906
0.637354
0.420179
0.560436
0.446873
0.363375
0.441260
0.425105
0.525694
0.372295
0.480334
0.402053
0.507093
0.660438
0.439457
0.426125
0.465145
0.387819
0.512767
0.419620
0.448976
0.531100
0.444964
0.414969
0.513001
0.448189
0.599410
0.632108
0.478083
0.607053
0.703135
0.529641
0.607518
0.649531
0.545793
0.509850
0.400630
0.674928
0.642945
0.585889
0.686300
0.713325
0.527014
0.723754
0.571998
0.549178
0.619428
0.468884
0.523564
0.587300
0.630845
0.628858
0.624086
0.613383
0.626287
0.647232
0.578977
0.600985
0.495418
0.496374
0.574361
0.559029
0.394306
0.452816
0.477010
0.520874
0.512343
0.332275
0.434587
0.512166
0.553101
0.526054
0.385990
0.387929
0.421074
0.364901
0.444571
0.184529
0.499748
0.376530
0.468158
0.691029
0.249240
0.522148
0.396053
0.519600
0.721572
0.230147
0.517051
0.398047
0.496459
0.692363
0.517905
0.521299
0.593013
0.474670
0.486666
0.477514
0.607914
0.291247
0.452781
0.439624
0.619744
0.295246
0.618330
0.811583
0.770880
0.584012
0.596610
0.666376
0.825745
0.687868
0.636421
0.642211
0.620406
0.785564
0.759208
0.562458
0.591764
0.436721
0.481764
0.477715
0.376400
0.542731
0.569352
0.521537
0.608184
0.556768
0.539935
0.584788
0.572124
0.627900
0.613868
0.520036
0.557905
0.494903
0.463341
0.478963
0.534707
0.538492
0.511208
0.468165
0.463576
0.570951
0.505588
0.429514
0.459851
0.457159
0.494490
0.534333
0.509437
0.606909
0.743127
0.737453
0.515599
0.527665
0.509461
0.717715
0.748223
0.590261
0.516399
0.561470
0.802852
0.721105
0.574587
0.590877
0.358798
0.348588
0.323703
0.509215
0.547522
0.442188
0.331641
0.278890
0.508210
0.556980
0.462594
0.294725
0.273163
0.680862
0.686309
0.713587
0.675811
0.620441
0.688806
0.645393
0.634592
0.671264
0.548013
0.653795
0.511410
0.579549
0.564188
0.592215
0.551604
0.552995
0.603154
0.608058
0.533296
0.618336
0.434068
0.480952
0.556776
0.328376
0.637247
0.683486
0.379763
0.636933
0.720096
0.379216
0.596546
0.722984
0.407050
0.590831
0.663729
0.570710
0.577490
0.632728
0.650220
0.648117
0.646629
0.509243
0.506026
0.612634
0.579652
0.679390
0.514020
0.527038
0.627477
0.537690
0.692751
0.522247
0.531660
0.594711
0.483214
0.657838
0.516974
0.540787
0.576574
0.561682
0.589861
0.444843
0.449526
0.546698
0.648445
0.695762
0.486326
0.508501
0.625740
0.613987
0.670026
0.452457
0.520081
0.648864
0.365689
0.436602
0.428920
0.431945
0.412847
0.374009
0.390116
0.406287
0.382270
0.428774
0.328639
0.458009
0.458028
0.355596
0.464165
0.533934
0.391166
0.415720
0.532701
0.528679
0.423906
0.436928
0.566843
0.505459
0.434408
0.447279
0.541868
0.121736
0.085417
0.396681
0.149490
0.192289
0.406449
0.386510
0.390727
0.476475
0.541029
0.361004
0.317550
0.442321
0.438490
0.567984
0.307241
0.288688
0.424386
0.332823
0.621552
0.285612
0.725433
0.647463
0.591421
0.732946
0.620637
0.644236
0.750604
0.601372
0.632075
0.581386
0.635453
0.483067
0.497151
0.693645
0.679775
0.605199
0.627767
0.611300
0.633378
0.500933
0.481829
0.260315
0.438851
0.412947
0.394512
0.386730
0.390635
0.387906
0.385383
0.326754
0.498508
0.463398
0.418109
0.575789
0.745548
0.546217
0.704993
0.544875
0.672305
0.833243
0.543391
0.687879
0.626457
0.565037
0.755670
0.510897
0.630429
0.528761
0.496372
0.567725
0.506208
0.602569
0.485003
0.526339
0.511701
0.504167
0.519964
0.583817
0.514260
0.572590
0.340856
0.539924
0.541442
0.471641
0.496803
0.341295
0.613299
0.484517
0.625899
0.531817
0.345184
0.551285
0.384795
0.518969
0.433737
0.508820
0.604567
0.389903
0.462380
0.479660
0.534955
0.370594
0.419577
0.445914
0.520949
0.350122
0.395252
0.644001
0.717508
0.520122
0.500653
0.664676
0.689418
0.505166
0.553097
0.606531
0.595272
0.525426
0.664587
0.805898
0.691278
0.648852
0.628368
0.724076
0.689300
0.633712
0.586685
0.479889
0.735030
0.821135
0.715524
0.682249
0.678568
0.773403
0.546959
0.501370
0.607914
0.730988
0.676871
0.642944
0.709405
0.796021
0.616625
0.617730
0.706150
0.763491
0.543254
0.527043
0.573484
0.449425
0.536627
0.551309
0.506587
0.511687
0.435358
0.552673
0.536385
0.500820
0.493471
0.488125
0.524248
0.428487
0.590009
0.619136
0.570556
0.540075
0.556730
0.502065
0.494872
0.514791
0.433652
0.561316
0.497683
0.456003
0.543570
0.439287
0.582172
0.539820
0.484426
0.513391
0.427365
0.692253
0.596457
0.697699
0.610875
0.613193
0.706640
0.493363
0.634996
0.425850
0.422401
0.757913
0.592502
0.679918
0.421031
0.459777
0.488353
0.461068
0.475940
0.419648
0.428588
0.441674
0.389629
0.391333
0.362429
0.363020
0.526140
0.484488
0.487222
0.490700
0.466033
0.454032
0.444713
0.610281
0.509245
0.085589
0.503156
0.460591
0.669483
0.540190
0.203819
0.439274
0.343437
0.506924
0.477225
0.553028
0.531793
0.595318
0.564955
0.456225
0.391379
0.614318
0.563585
0.681195
0.647907
0.570255
0.644770
0.663715
0.625136
0.576261
0.694003
0.591282
0.551207
0.574546
0.690505
0.577338
0.518634
0.621245
0.649583
0.710881
0.527434
0.427236
0.541368
0.635471
0.622613
0.605844
0.475379
0.590907
0.595615
0.693179
0.449480
0.507991
0.456568
0.502756
0.514337
0.468335
0.545769
0.545128
0.553955
0.504220
0.513415
0.526240
0.523343
0.544952
0.526752
0.434684
0.534417
0.434033
0.558437
0.467308
0.418429
0.520832
0.423374
0.552759
0.468207
0.397798
0.506139
0.469670
0.541240
0.519099
0.488373
0.498482
0.354010
0.308649
0.332851
0.486202
0.459287
0.389649
0.296782
0.381272
0.330693
0.334117
0.443615
0.352556
0.480029
0.545820
0.574172
0.584551
0.573869
0.610213
0.513359
0.549687
0.541682
0.545163
0.643277
0.531169
0.544011
0.503072
0.533848
0.691713
0.627831
0.647813
0.491450
0.672666
0.563191
0.581716
0.375697
0.549827
0.611574
0.645082
0.469367
0.629727
0.486796
0.675948
0.710590
0.491384
0.546462
0.701097
0.721469
0.453468
0.483560
0.665175
0.689805
0.401486
0.346241
0.536611
0.352002
0.622675
0.597516
0.334622
0.501143
0.373472
0.630442
0.614808
0.357595
0.527379
0.382356
0.653414
0.620222
0.319664
0.302549
0.255711
0.269704
0.341488
0.364974
0.391371
0.428469
0.395678
0.420081
0.411931
0.437351
0.479430
0.447733
0.429615
0.477155
0.566601
0.532699
0.427609
0.490680
0.480056
0.567446
0.499667
0.443810
0.485146
0.463994
0.541295
0.759391
0.737335
0.425296
0.598839
0.580979
0.846661
0.797852
0.565596
0.672675
0.647054
0.811193
0.785065
0.527111
0.665121
0.637609
0.828757
0.709686
0.597272
0.528151
0.638425
0.800685
0.663441
0.490376
0.468160
0.647906
0.844628
0.736149
0.620703
0.505836
0.654826
0.542179
0.546279
0.573610
0.504719
0.563676
0.637966
0.664902
0.684492
0.585746
0.586642
0.706237
0.722148
0.720881
0.657574
0.683161
0.549534
0.650002
0.540005
0.592442
0.535916
0.542746
0.579586
0.563673
0.544957
0.497865
0.509105
0.686070
0.538339
0.604916
0.502035
0.579623
0.541228
0.446933
0.516511
0.593912
0.529311
0.465242
0.532083
0.628387
0.559112
0.455955
0.525113
0.502988
0.572604
0.480743
0.497598
0.524101
0.371249
0.487124
0.518428
0.412142
0.647742
0.590837
0.624111
0.728471
0.762209
0.627507
0.601738
0.604220
0.685338
0.750914
0.631731
0.617629
0.606561
0.736636
0.787443
0.707204
0.693820
0.687914
0.738260
0.706905
0.733476
0.708772
0.685610
0.718558
0.541640
0.531145
0.539261
0.515794
0.611623
0.690752
0.582001
0.650055
0.610627
0.707945
0.539069
0.624820
0.569062
0.622739
0.519036
0.536549
0.792635
0.863965
0.788876
0.849678
0.832777
0.839879
0.894992
0.796399
0.872358
0.829835
0.821238
0.825827
0.751131
0.768384
0.803270
0.432114
0.513463
0.390923
0.511169
0.657638
0.462277
0.472594
0.569595
0.620861
0.756213
0.438087
0.492579
0.412859
0.493696
0.628414
0.568971
0.558477
0.509765
0.491561
0.577770
0.585619
0.557371
0.439318
0.618098
0.499290
0.522465
0.474032
0.549211
0.647408
0.377397
0.547717
0.454664
0.534552
0.548867
0.450083
0.533352
0.449938
0.616768
0.691119
0.407765
0.605905
0.494704
0.358270
0.480301
0.614615
0.613363
0.617310
0.401154
0.455144
0.630140
0.602996
0.594721
0.428048
0.494313
0.664153
0.650018
0.635899
0.444420
0.538147
0.676338
0.614812
0.638489
0.585637
0.415217
0.562365
0.654595
0.702310
0.581045
0.691788
0.582345
0.688432
0.520844
0.658049
0.583619
0.456422
0.491204
0.658733
0.413370
0.458764
0.661785
0.505283
0.577648
0.692419
0.677827
0.608468
0.480413
0.678455
0.781867
0.775670
0.663380
0.540636
0.737447
0.810085
0.739573
0.634600
0.554075
0.687310
0.779859
0.397697
0.312468
0.378691
0.348439
0.375068
0.383764
0.369476
0.357924
0.359732
0.414253
0.411972
0.394948
0.388661
0.382812
0.468501
0.743272
0.769339
0.796603
0.736516
0.736341
0.739999
0.756534
0.795982
0.778999
0.269780
0.219123
0.402027
0.331612
0.288217
0.380476
0.278216
0.300225
0.336685
0.550198
0.476105
0.485754
0.541103
0.425449
0.410865
0.502814
0.415822
0.433088
0.600763
0.458714
0.430684
0.466172
0.443810
0.402034
0.411788
0.415802
0.493785
0.507050
0.446929
0.453387
0.439782
0.453015
0.498837
0.450863
0.515961
0.416160
0.543483
0.606610
0.342231
0.414764
0.465581
0.542848
0.622610
0.471592
0.450977
0.463050
0.455096
0.587451
0.445212
0.480656
0.493288
0.661417
0.639143
0.610038
0.468615
0.457234
0.571596
0.542750
0.558699
0.414442
0.412246
0.670352
0.636783
0.633733
0.542287
0.423281
0.658952
0.658611
0.716211
0.826340
0.801977
0.626409
0.599966
0.634874
0.805470
0.790689
0.638321
0.642211
0.695274
0.788108
0.755968
0.576354
0.693168
0.496679
0.452110
0.628429
0.523405
0.613812
0.470023
0.422234
0.568981
0.630590
0.692662
0.542823
0.449965
0.653019
0.262452
0.357120
0.198202
0.309706
0.222720
0.268746
0.365247
0.267955
0.412554
0.326660
0.284133
0.367492
0.192770
0.323886
0.260723
0.623918
0.591487
0.591049
0.549661
0.650520
0.719763
0.700466
0.668835
0.731030
0.706072
0.726250
0.690679
0.697707
0.695210
0.617629
0.690102
0.588617
0.741599
0.761501
0.689940
0.763193
0.683557
0.357526
0.368439
0.407407
0.444005
0.561429
0.391225
0.455662
0.452860
0.453607
0.498524
0.414520
0.468174
0.504362
0.486801
0.498258
0.429636
0.460441
0.606532
0.389258
0.461823
0.395657
0.313639
0.495633
0.424548
0.438659
0.357203
0.407360
0.597058
0.486345
0.355048
0.520893
0.686237
0.653621
0.632013
0.659901
0.501126
0.619272
0.620144
0.505557
0.565764
0.604280
0.713879
0.647900
0.631148
0.639914
0.800522
0.700678
0.739014
0.709513
0.690241
0.758540
0.591213
0.728718
0.587873
0.571642
0.815101
0.735755
0.762335
0.749170
0.718349
0.535248
0.377966
0.615228
0.478402
0.388862
0.516932
0.434169
0.551750
0.506693
0.457497
0.618438
0.388259
0.597916
0.473597
0.367645
0.648940
0.657718
0.765739
0.730903
0.723141
0.648382
0.645641
0.753667
0.703029
0.684808
0.709531
0.719406
0.789165
0.741276
0.734113
0.507981
0.506909
0.524024
0.256906
0.399107
0.565063
0.540277
0.528310
0.265995
0.413755
0.489415
0.474810
0.478581
0.303326
0.374184
0.489622
0.531670
0.544610
0.834013
0.384935
0.548900
0.709695
0.736105
0.848493
0.395950
0.527017
0.667086
0.684071
0.798164
0.450651
0.460469
0.665783
0.696289
0.621741
0.434889
0.525285
0.436629
0.660556
0.503310
0.544502
0.502637
0.663356
0.471346
0.533487
0.512234
0.660432
0.494683
0.559134
0.505182
0.388031
0.418397
0.417626
0.446240
0.397198
0.412523
0.447802
0.431612
0.373515
0.389117
0.414344
0.420047
0.560176
0.531740
0.494643
0.531890
0.474109
0.454610
0.528759
0.466168
0.512663
0.413683
0.496794
0.493969
0.402364
0.435009
0.396401
0.392236
0.445008
0.437838
0.436937
0.512307
0.362781
0.356849
0.410494
0.370864
0.409514
0.430466
0.496663
0.452441
0.530604
0.537877
0.289012
0.394956
0.391609
0.470038
0.529548
0.517905
0.403318
0.495235
0.483602
0.695072
0.749935
0.518820
0.591188
0.739298
0.712065
0.615963
0.629783
0.598416
0.748252
0.712036
0.644154
0.646140
0.565701
0.730731
0.721219
0.628871
0.630479
0.608824
0.739646
0.743713
0.681721
0.660780
0.454523
0.511652
0.512207
0.435243
0.437998
0.487490
0.485369
0.386720
0.455340
0.493131
0.434794
0.414347
0.491952
0.331857
0.337367
0.366191
0.548554
0.507312
0.515972
0.512616
0.607467
0.579512
0.548891
0.393045
0.314436
0.406137
0.568706
0.520732
0.597609
0.494398
0.604790
0.529961
0.454998
0.438835
0.521886
0.576968
0.654024
0.769828
0.702198
0.796427
0.493395
0.640283
0.697257
0.621520
0.740342
0.396608
0.700078
0.751876
0.696121
0.806434
0.452025
0.668146
0.530082
0.247962
0.338307
0.725425
0.577265
0.332345
0.473136
0.663636
0.555721
0.381537
0.464250
0.494372
0.698916
0.719911
0.522420
0.704008
0.745948
0.474753
0.626425
0.739214
0.722230
0.441107
0.547877
0.392203
0.672379
0.692758
0.442571
0.547786
0.353811
0.640786
0.755618
0.565697
0.649299
0.417425
0.714817
0.605000
0.615245
0.627916
0.496997
0.553909
0.612359
0.628028
0.602283
0.498217
0.475556
0.632470
0.624820
0.655138
0.533599
0.570026
0.779614
0.762463
0.725411
0.734027
0.793600
0.832306
0.798286
0.769668
0.763599
0.830787
0.759603
0.696798
0.670596
0.655352
0.745257
0.443080
0.723524
0.777513
0.430183
0.680526
0.730209
0.449486
0.687060
0.736986
0.624853
0.657384
0.669470
0.632754
0.656305
0.654176
0.724282
0.747846
0.633707
0.746387
0.583026
0.662950
0.675956
0.623440
0.686155
0.584392
0.548946
0.689706
0.515430
0.491477
0.631168
0.551951
0.531296
0.651759
0.646853
0.710469
0.662603
0.553794
0.673984
0.720249
0.641279
0.673736
0.642297
0.673227
0.481828
0.516972
0.327865
0.590992
0.529866
0.456602
0.541288
0.442813
0.362344
0.624184
0.463778
0.562035
0.376082
0.616092
0.746073
0.496829
0.734455
0.657528
0.516556
0.683635
0.513920
0.687700
0.533660
0.404446
0.705967
0.518189
0.747036
0.610561
0.430670
0.403314
0.448708
0.353293
0.459686
0.486758
0.576813
0.449773
0.555403
0.431973
0.545659
0.352345
0.516431
0.650781
0.677404
0.619107
0.656227
0.553918
0.651468
0.521859
0.570097
0.554680
0.617268
0.505272
0.522016
0.656348
0.593507
0.535395
0.517320
0.619434
0.620606
0.603368
0.540971
0.533339
0.595542
0.690188
0.627749
0.613735
0.537984
0.671917
0.615937
0.614871
0.646914
0.466119
0.555936
0.598239
0.611098
0.627202
0.435538
0.536584
0.552002
0.575251
0.603081
0.439934
0.527587
0.701191
0.682713
0.489194
0.575205
0.492557
0.738607
0.719500
0.461160
0.572874
0.520133
0.730217
0.702619
0.485680
0.570142
0.492356
0.617377
0.497443
0.460499
0.474004
0.384069
0.523988
0.450838
0.459793
0.458694
0.356762
0.585099
0.501749
0.503769
0.491834
0.346568
0.220363
0.391169
0.575772
0.667050
0.639165
0.268948
0.386805
0.646515
0.663947
0.642881
0.217808
0.420940
0.588652
0.665339
0.648170
0.459315
0.434671
0.442680
0.454863
0.509171
0.488532
0.426688
0.464042
0.468052
0.504720
0.452316
0.389577
0.393176
0.402282
0.514637
0.727763
0.639550
0.439349
0.465447
0.729425
0.752771
0.641337
0.528584
0.472893
0.712823
0.718314
0.620108
0.537170
0.511488
0.689440
0.520312
0.670736
0.614338
0.455495
0.416008
0.441104
0.577044
0.591248
0.382272
0.362632
0.529072
0.629347
0.612959
0.424571
0.347871
0.543909
0.467526
0.526228
0.501742
0.511616
0.468195
0.432470
0.489246
0.569080
0.606300
0.417457
0.436026
0.400944
0.425123
0.437572
0.452653
0.401820
0.437567
0.448776
0.455377
0.508532
0.398422
0.448307
0.465874
0.418539
0.686903
0.593752
0.550975
0.653900
0.704612
0.643171
0.590967
0.625540
0.682451
0.652062
0.554201
0.658449
0.414463
0.368192
0.518958
0.522984
0.390375
0.364910
0.485909
0.468397
0.386726
0.337049
0.501616
0.462528
0.405929
0.499263
0.573693
0.618811
0.559734
0.420593
0.500635
0.542243
0.537086
0.501104
0.486100
0.503832
0.564822
0.572978
0.520984
0.583747
0.546872
0.616126
0.642714
0.598755
0.574923
0.665859
0.687268
0.605059
0.623978
0.502617
0.620804
0.545659
0.579425
0.556229
0.414994
0.641451
0.554051
0.619550
0.614529
0.493236
0.632074
0.530055
0.116569
0.164871
0.451913
0.605656
0.749977
0.644297
0.681840
0.733476
0.642978
0.748581
0.661216
0.683558
0.739518
0.599915
0.748051
0.602680
0.661807
0.699607
0.446173
0.471097
0.298738
0.563424
0.536417
0.575156
0.393780
0.633013
0.431421
0.485662
0.315840
0.547260
0.583784
0.651091
0.607291
0.827454
0.422516
0.502065
0.471049
0.392451
0.811832
0.494644
0.488660
0.481134
0.434874
0.806211
0.466613
0.405787
0.484175
0.413464
0.557308
0.526304
0.394477
0.548017
0.424928
0.391083
0.563941
0.682908
0.480591
0.500915
0.676286
0.580207
0.341347
0.371342
0.512879
0.535348
0.420194
0.507093
0.425692
0.519848
0.517960
0.388087
0.525663
0.424169
0.516215
0.524880
0.403491
0.485908
0.372969
0.506240
0.490930
0.530832
0.543615
0.452954
0.512542
0.449528
0.467924
0.475569
0.374018
0.453995
0.488891
0.510451
0.528559
0.473685
0.480604
0.346349
0.458470
0.405688
0.402944
0.430831
0.320555
0.427119
0.375869
0.375469
0.420362
0.354227
0.486243
0.438982
0.425536
0.461815
0.476809
0.466890
0.395625
0.435002
0.396027
0.453267
0.479892
0.429338
0.435618
0.356431
0.459843
0.507266
0.428977
0.452107
0.346605
0.608428
0.592451
0.573646
0.535329
0.608779
0.555049
0.599424
0.423223
0.550267
0.705670
0.533109
0.703455
0.454626
0.579909
0.718236
0.548664
0.698270
0.482715
0.576835
0.824025
0.768030
0.789117
0.703156
0.728854
0.784180
0.792409
0.761120
0.687702
0.768327
0.824495
0.752405
0.790899
0.715443
0.769656
0.530002
0.547981
0.373598
0.361209
0.507996
0.549930
0.414642
0.346931
0.546504
0.526751
0.365938
0.335030
0.565352
0.477431
0.358296
0.655175
0.571271
0.443980
0.610587
0.518516
0.318609
0.613986
0.609363
0.585067
0.594955
0.706386
0.578646
0.565545
0.576783
0.499270
0.589085
0.587159
0.549575
0.596249
0.562708
0.655631
0.732481
0.663805
0.649858
0.704021
0.747446
0.729229
0.601530
0.751302
0.698858
0.647264
0.622616
0.656146
0.519163
0.632549
0.619242
0.618840
0.550371
0.748886
0.672430
0.680943
0.644582
0.707155
0.563923
0.672233
0.648855
0.521209
0.519655
0.718899
0.765662
0.834538
0.838548
0.787679
0.688481
0.753086
0.779463
0.774702
0.667998
0.722927
0.773267
0.793744
0.776791
0.699957
0.496293
0.476354
0.565378
0.545411
0.544342
0.544662
0.624045
0.556774
0.497759
0.518027
0.542172
0.584439
0.682654
0.745871
0.670534
0.826247
0.791195
0.724306
0.649213
0.705808
0.638062
0.640763
0.658279
0.649047
0.697590
0.593967
0.551875
0.678218
0.671999
0.682401
0.674462
0.523544
0.692417
0.689907
0.732411
0.691613
0.579637
0.638565
0.625153
0.673349
0.633572
0.513166
0.421068
0.491015
0.319766
0.366555
0.412884
0.519062
0.353422
0.421647
0.423264
0.520141
0.354144
0.407047
0.476436
0.533840
0.489083
0.408704
0.440919
0.494768
0.585462
0.468081
0.472502
0.503822
0.560987
0.629527
0.531071
0.494677
0.525059
0.524447
0.661707
0.420543
0.439114
0.534613
0.543968
0.632086
0.494646
0.530817
0.581805
0.548704
0.695148
0.521283
0.555497
0.520024
0.508987
0.561547
0.663283
0.621138
0.527415
0.494986
0.556753
0.669302
0.554208
0.468100
0.497976
0.532602
0.641591
0.617672
0.461049
0.173396
0.206107
0.386207
0.497585
0.599493
0.508444
0.571392
0.428973
0.449027
0.564164
0.446824
0.541765
0.459238
0.559660
0.640463
0.534146
0.630929
0.526425
0.575362
0.588229
0.545375
0.436805
0.512903
0.647117
0.624135
0.633211
0.483851
0.616143
0.639936
0.619808
0.664269
0.505489
0.622518
0.709617
0.587037
0.729912
0.699995
0.698638
0.743415
0.597038
0.742069
0.723102
0.701649
0.683775
0.561340
0.669245
0.683544
0.657950
0.641028
0.569343
0.347910
0.413840
0.415101
0.577607
0.497561
0.360827
0.393052
0.412449
0.616281
0.552532
0.378132
0.421872
0.463530
0.753249
0.709861
0.805788
0.784679
0.672894
0.765874
0.713890
0.786841
0.771132
0.640147
0.765554
0.712321
0.786598
0.777723
0.635652
0.591192
0.711790
0.661865
0.566030
0.698860
0.612331
0.648480
0.661998
0.491607
0.667689
0.621575
0.590455
0.641176
0.415900
0.534756
0.554508
0.595582
0.566088
0.484908
0.500549
0.569053
0.519086
0.477587
0.425182
0.437519
0.414075
0.389200
0.364891
0.544757
0.520902
0.466328
0.448684
0.408675
0.434346
0.616298
0.413396
0.624617
0.527364
0.504671
0.383135
0.537254
0.506469
0.549860
0.522315
0.367808
0.546889
0.497115
0.553565
0.527060
0.342726
0.532379
0.485613
0.596610
0.594174
0.501603
0.625977
0.633391
0.465382
0.615220
0.635460
0.456394
0.697315
0.613448
0.681125
0.587714
0.569988
0.663509
0.646849
0.690191
0.580753
0.530190
0.626654
0.599162
0.613536
0.573916
0.538597
0.360023
0.465400
0.442521
0.382696
0.555616
0.348673
0.405777
0.383392
0.388900
0.516825
0.364909
0.457133
0.423745
0.394481
0.564132
0.789900
0.556399
0.643131
0.563472
0.658501
0.534202
0.444504
0.524981
0.385411
0.433985
0.459583
0.541545
0.545387
0.585144
0.497661
0.524640
0.521984
0.545218
0.471955
0.397825
0.702713
0.582128
0.682315
0.587452
0.490992
0.674869
0.534403
0.627835
0.569506
0.459853
0.688250
0.520997
0.612478
0.578439
0.456363
0.709257
0.770785
0.777212
0.769829
0.784285
0.793243
0.677306
0.714292
0.726668
0.411422
0.548979
0.386351
0.380435
0.366257
0.485825
0.534250
0.493613
0.389743
0.350664
0.463624
0.608553
0.481477
0.357846
0.335237
0.580571
0.494193
0.483225
0.610262
0.553621
0.605972
0.588269
0.479811
0.426660
0.595426
0.682660
0.567380
0.693364
0.316534
0.535107
0.623907
0.463390
0.611515
0.433141
0.528407
0.623791
0.491793
0.620681
0.392341
0.207685
0.201689
0.254317
0.192452
0.166693
0.327387
0.478834
0.424903
0.401253
0.454417
0.469542
0.439325
0.385726
0.493102
0.441961
0.431884
0.435824
0.483771
0.744844
0.619069
0.673050
0.611627
0.616561
0.696837
0.589636
0.612530
0.483552
0.486120
0.735066
0.604890
0.643707
0.586385
0.528486
0.618448
0.640359
0.739456
0.619038
0.679898
0.525610
0.630383
0.676661
0.644876
0.621612
0.686474
0.602829
0.657147
0.641664
0.664570
0.630793
0.414158
0.545369
0.667127
0.659952
0.584010
0.633144
0.695059
0.774209
0.551755
0.699186
0.769503
0.531297
0.513019
0.436054
0.593257
0.569503
0.389084
0.558417
0.500087
0.313008
0.511797
0.693010
0.402061
0.615766
0.634487
0.530659
0.703464
0.555195
0.694100
0.708968
0.651236
0.775255
0.626411
0.698430
0.753813
0.437810
0.441922
0.611434
0.452460
0.586044
0.579038
0.594458
0.490255
0.525924
0.505762
0.558546
0.463805
0.495406
0.501503
0.552947
0.404713
0.658252
0.455396
0.482978
0.589556
0.519034
0.655511
0.487826
0.492060
0.485521
0.494964
0.655583
0.412482
0.449198
0.564610
0.527232
0.503104
0.553452
0.805716
0.766476
0.770136
0.443757
0.500303
0.787682
0.728515
0.730873
0.519627
0.553580
0.814611
0.747482
0.754736
0.599717
0.514484
0.493898
0.565567
0.468242
0.639882
0.553127
0.539619
0.583296
0.479302
0.614769
0.463917
0.503633
0.546411
0.431254
0.574112
0.527987
0.557552
0.419862
0.525327
0.590008
0.535705
0.574840
0.453913
0.559009
0.584165
0.515588
0.589426
0.440870
0.516294
0.634942
0.531357
0.620320
0.732384
0.613970
0.657391
0.614732
0.665693
0.730969
0.635472
0.644606
0.522411
0.651360
0.708733
0.610222
