0.320830
0.455938
0.274483
0.268393
0.331449
0.523214
0.314401
0.277060
0.337903
0.487699
0.327228
0.297766
0.462281
0.543561
0.519043
0.488347
0.464694
0.486402
0.506269
0.504629
0.448616
0.406299
0.376005
0.372106
0.403447
0.444713
0.384700
0.451142
0.399512
0.381387
0.348669
0.357817
0.379023
0.215936
0.428608
0.331264
0.337708
0.463968
0.243432
0.393151
0.306881
0.320963
0.407681
0.285236
0.440737
0.377704
0.327654
0.410726
0.236099
0.218953
0.277851
0.239235
0.208268
0.315162
0.512838
0.593814
0.697351
0.487322
0.595147
0.471816
0.564513
0.657131
0.337266
0.396750
0.604396
0.472122
0.674342
0.347096
0.378546
0.536793
0.565638
0.535106
0.616676
0.516748
0.499764
0.523072
0.561779
0.503567
0.445715
0.512784
0.514551
0.305750
0.483572
0.486615
0.556124
0.506607
0.349063
0.466941
0.592335
0.556251
0.505899
0.358078
0.524154
0.516633
0.641646
0.505707
0.333973
0.431613
0.563865
0.510104
0.467453
0.469294
0.467098
0.527070
0.492732
0.485285
0.536811
0.495924
0.503464
0.536941
0.353551
0.266745
0.307933
0.202329
0.239858
0.422241
0.398030
0.371816
0.278428
0.334230
0.369092
0.351251
0.337692
0.260348
0.281129
0.423406
0.349788
0.324345
0.605258
0.354933
0.421106
0.343059
0.324618
0.566668
0.313575
0.361445
0.365082
0.260890
0.578727
0.347558
0.413195
0.551631
0.468924
0.436343
0.456574
0.384293
0.481842
0.434058
0.451790
0.436765
0.361715
0.429470
0.452101
0.485687
0.389354
0.373438
0.453031
0.467417
0.338923
0.389352
0.463869
0.502133
0.333345
0.423516
0.504453
0.529388
0.379684
0.531113
0.548980
0.430955
0.478979
0.509253
0.571923
0.606261
0.528310
0.484971
0.518545
0.532115
0.696399
0.445865
0.542257
0.543965
0.390010
0.302091
0.555934
0.282632
0.245383
0.430898
0.388517
0.618613
0.394797
0.372757
0.551818
0.516482
0.658691
0.591189
0.502534
0.416981
0.449549
0.440266
0.348932
0.419146
0.442300
0.592125
0.417785
0.592028
0.430513
0.478343
0.676309
0.465367
0.677940
0.464431
0.500808
0.643285
0.435004
0.661430
0.457097
0.505495
0.348712
0.372562
0.331053
0.284286
0.410743
0.347844
0.367929
0.316252
0.288809
0.407679
0.326931
0.375253
0.328578
0.267354
0.325414
0.227200
0.312563
0.377467
0.306966
0.367566
0.354416
0.356416
0.373034
0.462718
0.555649
0.492005
0.407049
0.543847
0.426496
0.566112
0.506231
0.398040
0.581518
0.530076
0.544746
0.493994
0.416573
0.572171
0.371210
0.307620
0.349769
0.305106
0.409798
0.394386
0.305454
0.372700
0.366311
0.364699
0.426785
0.294398
0.378872
0.344708
0.427665
0.587070
0.441965
0.518245
0.540461
0.345672
0.436391
0.493151
0.473180
0.406166
0.449773
0.409167
0.317948
0.355693
0.395539
0.408140
0.338025
0.395300
0.403233
0.435823
0.281880
0.371194
0.252343
0.241538
0.259670
0.339002
0.244577
0.223692
0.245872
0.256588
0.330570
0.256662
0.314226
0.333896
0.351057
0.413973
0.292569
0.672170
0.742359
0.616220
0.629370
0.731638
0.584587
0.689470
0.543809
0.544401
0.625119
0.653194
0.756840
0.578135
0.618616
0.737078
0.323700
0.399231
0.347497
0.289759
0.346416
0.246828
0.329016
0.396887
0.310020
0.623661
0.584762
0.550107
0.502588
0.703261
0.597177
0.555850
0.522796
0.517479
0.734983
0.657603
0.610600
0.634518
0.457624
0.604426
0.385453
0.456926
0.434023
0.331642
0.373377
0.381500
0.332503
0.326087
0.307691
0.367149
0.493211
0.368600
0.459157
0.485493
0.303278
0.464564
0.383631
0.611526
0.625815
0.324956
0.439961
0.361270
0.544538
0.520448
0.430560
0.329595
0.396682
0.362452
0.411032
0.285480
0.340371
0.274934
0.326299
0.471221
0.397777
0.449043
0.398007
0.273369
0.404949
0.326401
0.389436
0.371338
0.374356
0.367105
0.318480
0.366906
0.459299
0.389073
0.324434
0.381725
0.440834
0.394472
0.231780
0.336402
0.414657
0.381000
0.379952
0.479599
0.549494
0.434861
0.355607
0.384924
0.534120
0.574784
0.435292
0.379348
0.391499
0.444013
0.543036
0.168791
0.161422
0.362652
0.507556
0.446781
0.345535
0.482582
0.514793
0.537222
0.473637
0.423079
0.525119
0.538308
0.475107
0.417299
0.396436
0.480797
0.556149
0.225644
0.395279
0.287590
0.333126
0.369111
0.358713
0.291173
0.326301
0.347132
0.380946
0.297811
0.378005
0.543196
0.582544
0.422002
0.479527
0.412652
0.598347
0.621265
0.505774
0.539675
0.440551
0.393821
0.328064
0.455973
0.423632
0.365827
0.374217
0.367566
0.420983
0.387603
0.454731
0.462140
0.388722
0.543850
0.481323
0.487854
0.697687
0.664350
0.637273
0.695022
0.589707
0.805683
0.699445
0.763012
0.744404
0.693289
0.659713
0.649742
0.582046
0.680203
0.528911
0.539731
0.339047
0.370067
0.546479
0.487155
0.490991
0.629081
0.416431
0.426903
0.451616
0.535534
0.297071
0.346203
0.466613
0.560341
0.324261
0.382060
0.399846
0.524119
0.315064
0.364319
0.615170
0.541544
0.507109
0.486663
0.459693
0.585304
0.549913
0.462621
0.417695
0.485883
0.599401
0.626479
0.503974
0.472454
0.504547
0.510062
0.387290
0.411800
0.534967
0.538875
0.446408
0.490681
0.458644
0.533142
0.497732
0.492787
0.437976
0.450713
0.444348
0.456373
0.406291
0.385263
0.368116
0.307543
0.323163
0.310658
0.383645
0.367012
0.394494
0.421058
0.522120
0.568741
0.409882
0.385722
0.440590
0.460563
0.308154
0.450996
0.488651
0.518155
0.306295
0.344245
0.313248
0.377292
0.357873
0.376381
0.424272
0.377033
0.403263
0.383268
0.435157
0.431197
0.403154
0.366884
0.399651
0.414653
0.517629
0.438169
0.513032
0.580652
0.519609
0.517485
0.418130
0.488183
0.545406
0.486575
0.487814
0.420725
0.490398
0.556981
0.513197
0.474932
0.449696
0.390329
0.434089
0.491513
0.479942
0.389862
0.424289
0.503999
0.468534
0.388084
0.444234
0.345523
0.450038
0.363780
0.351388
0.381537
0.332500
0.384567
0.341547
0.319787
0.349756
0.308765
0.418927
0.345725
0.371029
0.317800
0.343492
0.362408
0.351421
0.445577
0.427480
0.358005
0.346012
0.326523
0.407378
0.411754
0.357421
0.360370
0.350187
0.443011
0.419045
0.326494
0.363439
0.410098
0.325263
0.374871
0.388019
0.330011
0.412270
0.336765
0.411238
0.431478
0.381077
0.340384
0.377733
0.374951
0.675954
0.465968
0.618759
0.522414
0.603093
0.650525
0.477171
0.582414
0.525757
0.602461
0.677675
0.486542
0.576340
0.557538
0.595365
0.404188
0.330416
0.515879
0.520390
0.348157
0.290962
0.443341
0.443872
0.298312
0.272752
0.480310
0.448105
0.437215
0.487883
0.537751
0.485150
0.518037
0.518817
0.472666
0.538784
0.495281
0.539732
0.502036
0.386026
0.461829
0.441738
0.502967
0.642700
0.519698
0.480110
0.554847
0.413438
0.363928
0.665301
0.429697
0.426285
0.411004
0.507274
0.438829
0.468037
0.440367
0.410115
0.432616
0.434151
0.442438
0.357899
0.413667
0.489629
0.443590
0.460267
0.386122
0.380249
0.351943
0.427496
0.404223
0.416895
0.376979
0.414174
0.428124
0.455937
0.443283
0.417301
0.455672
0.282603
0.346117
0.349608
0.346567
0.122839
0.379083
0.485080
0.365561
0.391807
0.158901
0.404116
0.354954
0.441293
0.473477
0.429830
0.455031
0.463992
0.518483
0.593483
0.539814
0.364923
0.347838
0.464118
0.568892
0.359494
0.380691
0.598426
0.439791
0.491062
0.381836
0.527861
0.297390
0.383969
0.313230
0.372492
0.478787
0.283292
0.262731
0.267829
0.388293
0.527425
0.314987
0.338607
0.283443
0.471481
0.543752
0.422635
0.455092
0.424714
0.457603
0.543541
0.433460
0.411479
0.470270
0.458292
0.557425
0.438125
0.464469
0.452489
0.601170
0.590100
0.652348
0.541681
0.476249
0.561499
0.545637
0.577236
0.503009
0.399258
0.593678
0.544680
0.515004
0.438042
0.396057
0.405501
0.365022
0.375479
0.387885
0.526487
0.421744
0.325985
0.356775
0.343160
0.525054
0.463134
0.369737
0.364663
0.359558
0.521392
0.438857
0.511694
0.424956
0.328604
0.402909
0.512207
0.533733
0.468331
0.425214
0.453034
0.493325
0.602290
0.449264
0.377048
0.419129
0.307353
0.330735
0.411195
0.277473
0.298784
0.392955
0.434504
0.482158
0.316488
0.375293
0.344932
0.385255
0.462602
0.272542
0.313601
0.420581
0.452207
0.408476
0.411274
0.379035
0.388397
0.324431
0.383920
0.411898
0.408812
0.366793
0.415006
0.388919
0.527716
0.711624
0.375245
0.557120
0.687079
0.396928
0.564048
0.687761
0.436604
0.417019
0.349888
0.346940
0.402920
0.432097
0.389663
0.340547
0.322866
0.414911
0.338504
0.306163
0.294993
0.274693
0.293643
0.405261
0.438543
0.341180
0.436485
0.412178
0.417966
0.456561
0.388992
0.413268
0.413606
0.433544
0.452460
0.338407
0.395799
0.315996
0.354078
0.433101
0.324297
0.319151
0.363814
0.448453
0.315399
0.278310
0.429174
0.500888
0.381122
0.346105
0.360904
0.609933
0.460573
0.442559
0.413325
0.357657
0.562347
0.384447
0.401676
0.369785
0.342613
0.576361
0.397401
0.384399
0.339143
0.599638
0.617180
0.550344
0.360544
0.472202
0.565319
0.602405
0.567098
0.370623
0.447383
0.556258
0.574875
0.560852
0.344606
0.427132
0.369634
0.432233
0.412514
0.541450
0.448695
0.363993
0.426653
0.406341
0.497909
0.414543
0.283709
0.377956
0.378503
0.481690
0.414207
0.527759
0.549287
0.576395
0.617944
0.567532
0.477221
0.545491
0.533398
0.569075
0.528127
0.537383
0.567871
0.561511
0.549338
0.527372
0.485530
0.327861
0.348514
0.497259
0.319291
0.382141
0.289166
0.338717
0.344934
0.337317
0.451060
0.305157
0.333648
0.314451
0.355830
0.485537
0.295648
0.347590
0.365147
0.377071
0.447603
0.384648
0.396980
0.294697
0.326995
0.339659
0.377081
0.274472
0.272992
0.418728
0.464352
0.346355
0.347909
0.555540
0.562977
0.448680
0.582069
0.291975
0.570570
0.578915
0.433656
0.533401
0.415274
0.560658
0.546126
0.465870
0.538565
0.449960
0.386714
0.399219
0.306206
0.391587
0.403648
0.314363
0.392824
0.311838
0.320837
0.369233
0.368074
0.347805
0.284497
0.366242
0.371133
0.231980
0.355803
0.455146
0.474781
0.526484
0.250508
0.379624
0.433268
0.460565
0.502110
0.251793
0.353181
0.403738
0.429679
0.475687
0.263349
0.293248
0.331557
0.409322
0.411686
0.418990
0.434618
0.527838
0.440815
0.434049
0.455851
0.496935
0.427741
0.388562
0.413089
0.483663
0.369643
0.412660
0.474137
0.572362
0.479914
0.347156
0.389745
0.470667
0.393644
0.329740
0.332511
0.435346
0.381223
0.310794
0.308709
0.397143
0.354509
0.450489
0.598580
0.601228
0.445885
0.459891
0.335804
0.578544
0.501609
0.472577
0.384337
0.429241
0.577528
0.457192
0.448226
0.337828
0.467391
0.419780
0.438259
0.436717
0.362082
0.518009
0.415522
0.436878
0.443735
0.333369
0.464529
0.404621
0.430340
0.393478
0.336337
0.514713
0.451686
0.480843
0.415070
0.467233
0.510278
0.459179
0.435915
0.457637
0.485332
0.553721
0.514324
0.502537
0.427446
0.496803
0.517517
0.482761
0.421409
0.571737
0.669341
0.508944
0.440621
0.423521
0.602619
0.660136
0.530859
0.453347
0.483549
0.653635
0.684096
0.354151
0.436462
0.341083
0.328658
0.373584
0.431408
0.298606
0.359585
0.345033
0.426052
0.307986
0.308441
0.530028
0.514067
0.369093
0.429193
0.470338
0.388906
0.385019
0.495281
0.492578
0.420952
0.380032
0.492356
0.530092
0.460663
0.361325
0.574478
0.414165
0.442235
0.555815
0.488523
0.574329
0.491741
0.439545
0.546155
0.505448
0.520832
0.372318
0.358308
0.507472
0.412546
0.537396
0.358687
0.439640
0.417859
0.399904
0.433600
0.263735
0.313478
0.370144
0.389852
0.465818
0.330001
0.385103
0.379492
0.373900
0.623132
0.597895
0.622108
0.530901
0.525977
0.575271
0.666208
0.579579
0.506104
0.546284
0.552702
0.587411
0.559881
0.479753
0.510715
0.399577
0.390658
0.408344
0.375836
0.460796
0.361012
0.389921
0.525271
0.409553
0.517456
0.409060
0.408744
0.502499
0.525183
0.573782
0.536777
0.511990
0.543916
0.537891
0.391853
0.462005
0.424765
0.568670
0.478157
0.537938
0.505621
0.558027
0.429304
0.487240
0.517806
0.330411
0.313438
0.305343
0.458356
0.360112
0.345233
0.320293
0.470883
0.359262
0.363824
0.300552
0.459138
0.216965
0.256444
0.210273
0.211327
0.271904
0.107718
0.478155
0.400324
0.415850
0.362673
0.401571
0.479047
0.435950
0.458962
0.380826
0.254314
0.459616
0.380728
0.420565
0.327808
0.304672
0.521915
0.484122
0.636916
0.546636
0.493153
0.430175
0.561210
0.446243
0.475030
0.427766
0.599264
0.458378
0.352590
0.426184
0.492244
0.289560
0.347267
0.405390
0.259816
0.322847
0.389802
0.368302
0.430572
0.449506
0.472589
0.543329
0.559143
0.336955
0.369806
0.378108
0.546029
0.501820
0.616862
0.606232
0.603620
0.511002
0.738240
0.735965
0.572169
0.578795
0.684624
0.651073
0.251505
0.213643
0.448677
0.279138
0.365837
0.413656
0.235549
0.286680
0.426675
0.384348
0.306860
0.341240
0.282855
0.423243
0.277346
0.298087
0.327252
0.452966
0.370549
0.371801
0.336803
0.436415
0.374509
0.381682
0.314498
0.495368
0.433590
0.451753
0.432114
0.558528
0.483453
0.461594
0.484496
0.429402
0.524288
0.486113
0.452594
0.482970
0.399870
0.490247
0.400685
0.400845
0.376709
0.356895
0.257482
0.288339
0.313769
0.175479
0.241573
0.259133
0.337036
0.353511
0.236962
0.267155
0.251694
0.314900
0.332151
0.196386
0.248814
0.398797
0.544402
0.463374
0.514416
0.637170
0.413511
0.543821
0.540145
0.444552
0.605337
0.443303
0.583860
0.561937
0.503979
0.568676
0.483709
0.443038
0.294468
0.373018
0.540181
0.449843
0.396204
0.410248
0.526632
0.542007
0.375853
0.458647
0.386065
0.433727
0.508081
0.421982
0.449639
0.368898
0.481913
0.512094
0.469073
0.484758
0.400152
0.503093
0.538508
0.515009
0.521917
0.340064
0.351842
0.323718
0.398511
0.443841
0.444464
0.435167
0.429091
0.490667
0.581545
0.377193
0.325096
0.333506
0.439993
0.497701
0.424255
0.516219
0.420982
0.384618
0.481286
0.331908
0.358044
0.474605
0.329754
0.465014
0.515151
0.368899
0.498607
0.489968
0.364874
0.510134
0.558173
0.377672
0.517542
0.464269
0.369306
0.328267
0.382390
0.522285
0.485430
0.364537
0.363375
0.406315
0.562841
0.477305
0.397246
0.342850
0.462679
0.421280
0.374521
0.313948
0.321068
0.341941
0.406993
0.323359
0.292294
0.334105
0.316447
0.386167
0.382255
0.358209
0.327868
0.313850
0.426013
0.349031
0.294542
0.452398
0.385909
0.375645
0.374730
0.397660
0.371641
0.374676
0.476985
0.422790
0.408385
0.443125
0.422389
0.384996
0.342633
0.326243
0.502679
0.393394
0.392075
0.344924
0.333940
0.509214
0.582889
0.603690
0.569038
0.548251
0.507103
0.550076
0.584856
0.546090
0.439946
0.488063
0.612465
0.616289
0.610881
0.555599
0.508255
0.421601
0.408462
0.375685
0.342872
0.349615
0.391869
0.386410
0.358840
0.378488
0.360392
0.483869
0.464832
0.429485
0.378676
0.368881
0.217331
0.197912
0.341543
0.546788
0.398696
0.457981
0.468044
0.615789
0.528449
0.464537
0.413748
0.416040
0.533369
0.493865
0.436247
0.421153
0.468221
0.609535
0.319254
0.235146
0.264886
0.316608
0.308657
0.336353
0.276653
0.278011
0.334570
0.314983
0.333214
0.317097
0.277533
0.396042
0.311324
0.409889
0.494000
0.412522
0.404507
0.464819
0.416818
0.383393
0.484936
0.446485
0.488426
0.467601
0.417718
0.484424
0.408838
0.464139
0.284784
0.396048
0.498784
0.444132
0.312168
0.431134
0.389614
0.402826
0.428875
0.436866
0.388108
0.355009
0.346793
0.394130
0.346667
0.280724
0.384046
0.374997
0.392661
0.443626
0.356309
0.422987
0.447572
0.242556
0.283383
0.405642
0.365512
0.257234
0.311249
0.362032
0.415166
0.222278
0.284189
0.400525
0.414876
0.427813
0.399780
0.351252
0.449880
0.450079
0.439747
0.392218
0.441527
0.378657
0.439884
0.377357
0.408890
0.406557
0.530285
0.539323
0.553438
0.586726
0.554581
0.560233
0.541419
0.533339
0.616388
0.573000
0.587425
0.595243
0.618513
0.685360
0.585056
0.362221
0.371619
0.406116
0.479481
0.368987
0.399748
0.461228
0.489213
0.415775
0.409177
0.489133
0.570619
0.320686
0.408072
0.392497
0.339731
0.432391
0.350661
0.438417
0.380349
0.351907
0.477425
0.346156
0.428782
0.384812
0.343053
0.448420
0.364737
0.455946
0.423012
0.424494
0.415623
0.238650
0.432576
0.393260
0.340757
0.335265
0.383862
0.463714
0.450777
0.435831
0.407923
0.391161
0.521049
0.434158
0.384173
0.433831
0.507564
0.586766
0.495538
0.356771
0.438069
0.432592
0.337486
0.501466
0.353789
0.322976
0.348994
0.492565
0.524257
0.282536
0.301966
0.406828
0.488537
0.508573
0.344405
0.329097
0.378220
0.483614
0.301548
0.289606
0.255520
0.273018
0.241577
0.286485
0.364078
0.302417
0.370232
0.278078
0.311851
0.357841
0.304982
0.331158
0.223640
0.416631
0.387407
0.238592
0.386923
0.370657
0.252237
0.346352
0.313815
0.290339
0.365958
0.463093
0.406454
0.348707
0.376774
0.408467
0.379569
0.477403
0.311285
0.310444
0.423670
0.479536
0.416707
0.377258
0.389655
0.415742
0.571372
0.379684
0.527566
0.603682
0.414626
0.574682
0.608691
0.403031
0.472608
0.547265
0.471187
0.401351
0.409958
0.511389
0.587881
0.517046
0.463104
0.419659
0.341557
0.408326
0.414216
0.322344
0.463033
0.478274
0.303703
0.451664
0.453718
0.438919
0.417622
0.491439
0.572501
0.474056
0.397505
0.404117
0.416745
0.468319
0.383367
0.450306
0.451854
0.445455
0.487837
0.422342
0.475515
0.502581
0.412358
0.432466
0.422076
0.352132
0.342762
0.376609
0.178258
0.336328
0.548053
0.519263
0.564545
0.579941
0.401136
0.490908
0.461033
0.521708
0.507008
0.393080
0.505249
0.515908
0.502745
0.529128
0.387037
0.397172
0.492020
0.542158
0.393289
0.525243
0.488819
0.554938
0.539127
0.506129
0.478135
0.494247
0.516548
0.519433
0.477515
0.463006
0.444085
0.509602
0.376992
0.442836
0.452920
0.459530
0.518684
0.439726
0.518509
0.355363
0.358135
0.440030
0.367790
0.472188
0.280950
0.342575
0.412738
0.325803
0.309967
0.337028
0.492123
0.473883
0.485661
0.483913
0.336933
0.471583
0.426776
0.454520
0.440396
0.410137
0.407975
0.431067
0.429189
0.467628
0.435769
0.418890
0.432473
0.440916
0.430356
0.448125
0.372690
0.382040
0.370440
0.417750
0.358605
0.358244
0.388256
0.345873
0.368165
0.299818
0.331018
0.263559
0.268271
0.404110
0.438603
0.378409
0.332376
0.343636
0.515734
0.477374
0.361851
0.487134
0.491261
0.384042
0.494217
0.488521
0.668459
0.608161
0.493583
0.521817
0.539900
0.685214
0.665953
0.503043
0.622104
0.594555
0.634142
0.616342
0.493544
0.573785
0.545378
0.576524
0.375133
0.414269
0.657833
0.567973
0.455733
0.435849
0.484304
0.738471
0.679562
0.493175
0.294075
0.315092
0.623219
0.523270
0.417562
0.435988
0.560800
0.354659
0.335830
0.377338
0.424547
0.554076
0.362640
0.316054
0.423894
0.421009
0.524452
0.394629
0.345743
0.431210
0.481092
0.389337
0.364176
0.672838
0.383261
0.456492
0.413839
0.400026
0.623501
0.440865
0.494675
0.460328
0.413386
0.588188
0.529927
0.415724
0.459225
0.319133
0.528733
0.430465
0.419365
0.460515
0.383994
0.400575
0.524663
0.409225
0.455933
0.338108
0.465838
0.497187
0.600121
0.534997
0.582186
0.503127
0.648889
0.571143
0.625503
0.560762
0.654595
0.502883
0.559465
0.310361
0.397321
0.352197
0.382285
0.434868
0.296355
0.405374
0.386267
0.381397
0.436988
0.371632
0.449677
0.382130
0.359712
0.397962
0.352773
0.408607
0.316075
0.393642
0.484811
0.513866
0.527851
0.417417
0.393249
0.457384
0.333843
0.347716
0.349606
0.424467
0.447906
0.676625
0.632278
0.670392
0.581136
0.617267
0.528908
0.459624
0.456990
0.534664
0.591605
0.597362
0.494574
0.518103
0.575419
0.643320
0.474105
0.515568
0.531296
0.502686
0.366628
0.410114
0.439632
0.300991
0.385260
0.393537
0.418961
0.361737
0.408598
0.360118
0.307429
0.287208
0.349969
0.381820
0.373809
0.287417
0.258627
0.344228
0.341155
0.416556
0.290705
0.309239
0.343971
0.529928
0.469492
0.499030
0.427364
0.745791
0.667312
0.474439
0.366244
0.596640
0.477085
0.440483
0.333242
0.328983
0.277601
0.352281
0.277251
0.417161
0.397445
0.424577
0.368463
0.313148
0.343693
0.386700
0.349387
0.357895
0.397114
0.333194
0.340676
0.358851
0.343904
0.324156
0.380397
0.332689
0.304632
0.321729
0.450582
0.327279
0.352705
0.304476
0.267333
0.390793
0.322548
0.358999
0.287944
0.277582
0.440909
0.343332
0.372341
0.417683
0.437079
0.362561
0.454883
0.307090
0.466665
0.464902
0.387324
0.506426
0.305529
0.446031
0.471351
0.430098
0.528347
0.399718
0.612422
0.547235
0.765951
0.482082
0.575359
0.557773
0.592482
0.630441
0.547475
0.613397
0.637790
0.608159
0.723952
0.486710
0.565016
0.418720
0.457555
0.407220
0.420094
0.641880
0.337990
0.484892
0.448638
0.392003
0.593352
0.435661
0.450322
0.404434
0.417488
0.594409
0.463543
0.535130
0.453347
0.453141
0.489496
0.469123
0.429393
0.513256
0.384460
0.392593
0.441636
0.370678
0.438500
0.354968
0.378128
0.384448
0.456575
0.293569
0.319262
0.325205
0.351912
0.467510
0.547805
0.452681
0.403387
0.479785
0.545425
0.485016
0.362985
0.493769
0.500406
0.435116
0.294524
0.364669
0.345332
0.429051
0.508428
0.363774
0.385018
0.525540
0.368120
0.390405
0.391181
0.521805
0.430962
0.340747
0.417814
0.314308
0.398332
0.461684
0.359767
0.398091
0.459899
0.333773
0.387482
0.498051
0.517190
0.406953
0.504371
0.518743
0.400618
0.497348
0.513473
0.598448
0.668686
0.578365
0.508000
0.406339
0.512162
0.582555
0.650703
0.517879
0.407399
0.560853
0.607596
0.585337
0.526205
0.427377
0.583249
0.616967
0.668397
0.589141
0.478066
1.017863
0.449288
0.538365
0.901868
0.471769
0.515166
0.968052
0.425350
0.506125
0.538331
0.417873
0.487557
0.583478
0.515064
0.508100
0.394919
0.491568
0.515392
0.424397
0.525510
0.405250
0.548233
0.592629
0.475044
0.305051
0.314444
0.373440
0.338443
0.302997
0.378854
0.355880
0.299429
0.365215
0.335483
0.326986
0.369967
0.311942
0.353717
0.323539
0.488732
0.562562
0.569501
0.498422
0.535154
0.565858
0.594534
0.577353
0.584091
0.625006
0.500153
0.532212
0.537378
0.495019
0.558679
0.572344
0.592858
0.538790
0.568174
0.459230
0.475428
0.499712
0.470046
0.610516
0.424276
0.474603
0.439716
0.418066
0.596486
0.353260
0.455420
0.364044
0.389025
0.446660
0.503326
0.474139
0.353122
0.413322
0.433810
0.497545
0.469473
0.402779
0.415018
0.506245
0.545502
0.499272
0.398608
0.455308
0.490296
0.559376
0.360089
0.521251
0.465715
0.389363
0.421999
0.424131
0.406648
0.357550
0.429186
0.435284
0.417807
0.350680
0.548124
0.376406
0.323430
0.399395
0.429841
0.421227
0.324005
0.475438
0.313715
0.393559
0.408506
0.300386
0.416350
0.267252
0.397065
0.343777
0.323909
0.396399
0.253404
0.350588
0.408077
0.441327
0.281810
0.294092
0.383641
0.389701
0.418216
0.260063
0.256027
0.333450
0.402730
0.418833
0.236002
0.217166
0.333962
0.409880
0.386622
0.442496
0.478829
0.600338
0.409111
0.384901
0.402555
0.486522
0.555687
0.488903
0.466490
0.508957
0.475305
0.665505
0.487992
0.383281
0.534553
0.327612
0.466382
0.429076
0.348832
0.461152
0.309824
0.423313
0.412427
0.384823
0.477898
0.335085
0.437924
0.390791
0.348959
0.336190
0.324286
0.332220
0.443265
0.374707
0.357969
0.324312
0.361000
0.394958
0.345943
0.325788
0.350487
0.339722
0.219700
0.255860
0.356049
0.377773
0.407173
0.227141
0.245509
0.371582
0.354158
0.381984
0.318327
0.349547
0.434807
0.421617
0.455089
0.458868
0.463650
0.520444
0.417476
0.500063
0.521982
0.523739
0.526138
0.444652
0.587851
0.504918
0.515407
0.454736
0.491677
0.541772
0.328324
0.343429
0.281717
0.308162
0.347720
0.342250
0.368668
0.295923
0.305224
0.431835
0.306343
0.346407
0.312272
0.307363
0.421073
0.389302
0.356141
0.361778
0.389032
0.500810
0.422999
0.302670
0.426406
0.416452
0.401136
0.456968
0.313274
0.413744
0.451029
0.364236
0.474952
0.575804
0.431176
0.509407
0.493499
0.619684
0.427709
0.480063
0.481717
0.538050
0.450999
0.519422
0.109005
0.110421
0.391090
0.137025
0.149961
0.352062
0.405961
0.355260
0.422908
0.465846
0.369733
0.309041
0.374069
0.449605
0.366705
0.330880
0.394933
0.424768
0.418336
0.484968
0.549575
0.500270
0.461831
0.426139
0.414642
0.534717
0.509300
0.488874
0.466763
0.465377
0.576281
0.504271
0.493535
0.438936
0.433002
0.421355
0.524114
0.401780
0.400084
0.450248
0.337650
0.451678
0.432641
0.474279
0.452238
0.430064
0.566999
0.381177
0.453758
0.473754
0.359473
0.449119
0.440522
0.450036
0.464308
0.333558
0.444589
0.458182
0.375473
0.345247
0.289927
0.345548
0.324857
0.584821
0.497372
0.524941
0.518643
0.474317
0.662446
0.552407
0.543489
0.551968
0.526106
0.682635
0.612041
0.613205
0.606079
0.557325
0.501799
0.504818
0.484897
0.531642
0.328190
0.437407
0.515056
0.423395
0.550170
0.344763
0.463445
0.433219
0.515501
0.462604
0.313540
0.257635
0.414108
0.408201
0.269296
0.404304
0.434280
0.335824
0.461722
0.488052
0.248491
0.338717
0.397386
0.232401
0.358587
0.397755
0.251010
0.314902
0.374795
0.322993
0.372031
0.389990
0.469963
0.381072
0.444110
0.492603
0.476502
0.480418
0.326822
0.420469
0.517766
0.495354
0.456873
0.354114
0.403485
0.501749
0.452038
0.329379
0.356812
0.396967
0.476844
0.536566
0.379508
0.407746
0.456276
0.495110
0.598968
0.387159
0.361575
0.337981
0.544979
0.480462
0.338152
0.444592
0.437258
0.465253
0.385159
0.354430
0.463554
0.441464
0.460711
0.307059
0.243111
0.331307
0.328031
0.447713
0.244167
0.372872
0.372739
0.406223
0.302336
0.296831
0.327949
0.383880
0.367211
0.383841
0.397886
0.382357
0.393651
0.554123
0.591968
0.582207
0.518089
0.617392
0.610842
0.408827
0.519519
0.584177
0.351790
0.347978
0.237536
0.249439
0.333623
0.312541
0.207554
0.243419
0.383668
0.401865
0.313059
0.359524
0.444506
0.461284
0.435062
0.440856
0.394964
0.433127
0.407818
0.401870
0.403416
0.468858
0.390314
0.494279
0.458028
0.477873
0.476795
0.542797
0.539230
0.346099
0.374088
0.470983
0.455078
0.451099
0.373358
0.427968
0.494571
0.492846
0.497021
0.361384
0.394013
0.422566
0.336943
0.404547
0.392442
0.366826
0.383692
0.324933
0.440150
0.432719
0.392393
0.506384
0.503571
0.496469
0.420382
0.427429
0.436750
0.417511
0.515051
0.500215
0.289425
0.343526
0.445127
0.410665
0.425588
0.301573
0.346077
0.461257
0.380072
0.395776
0.265630
0.352044
0.429908
0.424734
0.426567
0.358753
0.304696
0.298838
0.308621
0.252111
0.272300
0.299348
0.251186
0.245122
0.503074
0.438464
0.433775
0.404563
0.403540
0.428861
0.331722
0.348939
0.301837
0.388075
0.483627
0.424048
0.395713
0.378348
0.377085
0.566660
0.499787
0.441067
0.434430
0.483013
0.577419
0.541191
0.449722
0.413300
0.378695
0.534191
0.490320
0.422353
0.370965
0.392187
0.120755
0.421308
0.485871
0.156730
0.434373
0.428248
0.181237
0.441633
0.419978
0.654220
0.515691
0.471096
0.555175
0.691636
0.541233
0.527261
0.590030
0.704070
0.526632
0.481313
0.568761
0.483983
0.505136
0.346349
0.479486
0.497408
0.301732
0.525365
0.545152
0.314734
0.488258
0.366298
0.369338
0.455395
0.375349
0.386696
0.412238
0.429005
0.405669
0.526416
0.397871
0.424007
0.413338
0.464846
0.485128
0.342969
0.386344
0.317609
0.376147
0.467302
0.356328
0.428580
0.368031
0.484236
0.457406
0.485863
0.446148
0.447960
0.386539
0.381104
0.365416
0.412885
0.477995
0.492673
0.473801
0.516040
0.434282
0.506168
0.618469
0.435279
0.515241
0.633716
0.331451
0.438544
0.558244
0.415315
0.341891
0.369469
0.419749
0.427553
0.423195
0.440756
0.393914
0.352694
0.441258
0.548771
0.499496
0.402994
0.362986
0.494509
0.617640
0.582555
0.351767
0.380072
0.456164
0.603366
0.542047
0.348311
0.405021
0.414329
0.564149
0.534358
0.451404
0.268600
0.470101
0.612154
0.559254
0.420193
0.311817
0.439349
0.569453
0.535449
0.509621
0.376936
0.416443
0.498466
0.482753
0.465906
0.289939
0.268351
0.347518
0.384067
0.344010
0.400863
0.266769
0.324601
0.373753
0.289902
0.370281
0.348083
0.427064
0.485764
0.467825
0.436998
0.511405
0.474891
0.584969
0.461254
0.493821
0.436290
0.422909
0.513029
0.385243
0.438112
0.551798
0.486611
0.598978
0.418544
0.471728
0.375471
0.368633
0.439403
0.438373
0.394526
0.388846
0.494917
0.512308
0.493685
0.397292
0.436920
0.458012
0.381913
0.459943
0.493935
0.336401
0.396900
0.607112
0.670291
0.527742
0.551465
0.599242
0.655518
0.692348
0.535262
0.643158
0.682375
0.586373
0.618069
0.468854
0.556896
0.605916
0.734234
0.442799
0.543412
0.462562
0.602093
0.755018
0.439965
0.570392
0.509498
0.694017
0.708062
0.444328
0.542165
0.451521
0.619373
0.285686
0.412361
0.248518
0.325803
0.262171
0.280522
0.345521
0.236658
0.246300
0.221033
0.319384
0.399672
0.283327
0.370850
0.266165
0.401022
0.281877
0.299283
0.342044
0.327291
0.446698
0.334243
0.322129
0.343711
0.375851
0.446145
0.340571
0.363555
0.336025
0.288973
0.460903
0.405719
0.510762
0.618001
0.467692
0.470810
0.511225
0.553987
0.578066
0.531258
0.659570
0.684064
0.489499
0.473600
0.537726
0.508042
0.446409
0.565872
0.528794
0.638737
0.588668
0.489170
0.552155
0.453561
0.604660
0.584161
0.480255
0.349689
0.377129
0.311073
0.304110
0.287029
0.452583
0.475901
0.547318
0.504812
0.469573
0.413919
0.390498
0.436168
0.375562
0.358563
0.670693
0.624608
0.662632
0.558721
0.559007
0.675867
0.569900
0.658749
0.400703
0.460775
0.677126
0.558724
0.630016
0.455313
0.492731
0.422967
0.331744
0.407325
0.355888
0.433728
0.382191
0.422980
0.391924
0.444442
0.334782
0.428900
0.396846
0.329599
0.431830
0.343507
0.324844
0.363274
0.388642
0.470535
0.354548
0.332278
0.356475
0.244630
0.359979
0.293508
0.231548
0.241652
0.128400
0.178012
0.151869
0.157786
0.125835
0.137320
0.151631
0.160149
0.215533
0.150580
0.171925
0.190453
0.177860
0.202941
0.155116
0.451892
0.536068
0.559371
0.423652
0.545517
0.550789
0.618992
0.605372
0.454090
0.636510
0.487978
0.510121
0.481745
0.386885
0.546500
0.388972
0.351001
0.442455
0.531945
0.553311
0.399551
0.354689
0.378107
0.475831
0.471382
0.462172
0.415814
0.460103
0.480712
0.565988
0.398464
0.411462
0.457376
0.466781
0.393294
0.377067
0.423718
0.449418
0.404654
0.346671
0.345148
0.404172
0.453256
0.364558
0.322654
0.305057
0.290850
0.313886
0.349019
0.300246
0.321118
0.355858
0.269387
0.314505
0.449921
0.339573
0.395840
0.390584
0.379987
0.272078
0.556220
0.526057
0.330527
0.483461
0.371452
0.245685
0.413701
0.375260
0.417795
0.407153
0.472542
0.458588
0.430131
0.393697
0.417182
0.459782
0.385823
0.397407
0.343685
0.405335
0.363033
0.345834
0.332488
0.344310
0.377608
0.402073
0.340036
0.376154
0.313366
0.373810
0.352474
0.314064
0.426012
0.322446
0.317716
0.398044
0.351735
0.475836
0.396225
0.402061
0.383972
0.517942
0.438867
0.433713
0.483958
0.550187
0.490320
0.594085
0.273895
0.255269
0.287354
0.323786
0.263166
0.252947
0.300500
0.308481
0.274504
0.261771
0.347291
0.351375
0.313288
0.293966
0.382905
0.388773
0.355351
0.340363
0.420055
0.356479
0.397217
0.328784
0.401908
0.267150
0.392634
0.471529
0.298880
0.303950
0.355780
0.285434
0.309645
0.436022
0.442630
0.431998
0.455828
0.358159
0.395107
0.449357
0.453871
0.445193
0.355403
0.462598
0.503009
0.484560
0.488396
0.354972
0.332455
0.391242
0.231699
0.256938
0.361592
0.332988
0.387792
0.229636
0.226678
0.347979
0.369388
0.390558
0.272160
0.304104
0.512653
0.426400
0.526561
0.367228
0.501378
0.570574
0.562039
0.464659
0.371334
0.431058
0.410434
0.395059
0.447289
0.443965
0.461782
0.487758
0.429347
0.431987
0.433201
0.507619
0.477691
0.465448
0.447748
0.431848
0.472672
0.502896
0.511941
0.482915
0.431581
0.378532
0.407757
0.419623
0.419905
0.386671
0.325923
0.318679
0.339788
0.512499
0.404190
0.333826
0.335288
0.351099
0.476447
0.464917
0.465609
0.516458
0.528457
0.460002
0.442445
0.439255
0.455951
0.429835
0.442952
0.427839
0.516132
0.512683
0.498868
0.470480
0.422728
0.406929
0.453701
0.266222
0.308926
0.422850
0.423110
0.478809
0.257237
0.346144
0.433469
0.463462
0.571400
0.346642
0.372608
0.367199
0.441453
0.413313
0.407127
0.277873
0.438819
0.551865
0.559241
0.493280
0.410612
0.405335
0.462115
0.429161
0.391721
0.269576
0.363368
0.414792
0.507226
0.528029
0.586912
0.487190
0.353935
0.383703
0.503432
0.551620
0.464586
0.517868
0.406798
0.524041
0.521616
0.459532
0.490012
0.389901
0.446857
0.513148
0.449252
0.456322
0.387320
0.424462
0.226674
0.316790
0.245404
0.234555
0.294077
0.277580
0.320768
0.305037
0.248932
0.312868
0.283174
0.354398
0.255329
0.235033
0.348146
0.497922
0.445034
0.468647
0.412410
0.508348
0.424566
0.413571
0.481063
0.336783
0.490884
0.345282
0.368515
0.371250
0.351791
0.439103
0.500924
0.587557
0.456727
0.589822
0.367299
0.571539
0.600736
0.453587
0.620841
0.438390
0.474162
0.546168
0.432416
0.543537
0.362849
0.401034
0.384900
0.330607
0.282565
0.247733
0.352145
0.323040
0.338208
0.359575
0.280328
0.400720
0.358710
0.406706
0.402194
0.382880
0.365325
0.350211
0.373461
0.542351
0.569445
0.623420
0.498374
0.463685
0.536653
0.465541
0.544942
0.605330
0.498633
0.597397
0.501557
0.566920
0.503701
0.400779
0.419989
0.422855
0.460233
0.519996
0.440689
0.438538
0.534952
0.416004
0.399102
0.501078
0.368983
0.385329
0.435141
0.348051
0.390616
0.437028
0.446499
0.477303
0.359028
0.417341
0.445698
0.446985
0.497875
0.411922
0.463920
0.499052
0.443187
0.421150
0.381825
0.396084
0.492588
0.375284
0.355275
0.529887
0.350558
0.353463
0.388461
0.477767
0.435449
0.483051
0.567178
0.364330
0.415602
0.466940
0.511954
0.545532
0.340181
0.421119
0.399559
0.454486
0.484560
0.343995
0.443187
0.353006
0.363851
0.429027
0.360495
0.389947
0.326255
0.297327
0.367573
0.364051
0.437515
0.308724
0.410955
0.421100
0.541757
0.494179
0.413135
0.563436
0.361730
0.548136
0.484850
0.434735
0.535802
0.356915
0.537337
0.494793
0.417375
0.569235
0.357323
0.357407
0.412077
0.319773
0.248729
0.248088
0.319571
0.364457
0.261473
0.215447
0.212436
0.360920
0.366119
0.326592
0.281282
0.272037
0.665962
0.622873
0.583857
0.554467
0.538225
0.574695
0.638336
0.531592
0.524578
0.597824
0.653701
0.642309
0.616161
0.575855
0.512839
0.465835
0.528487
0.372551
0.602818
0.397272
0.452564
0.346773
0.535897
0.485976
0.553528
0.358346
0.527593
0.301294
0.353339
0.419907
0.330455
0.326959
0.366460
0.472256
0.408325
0.384467
0.362381
0.376347
0.394954
0.452056
0.402843
0.380050
0.493673
0.513801
0.426515
0.367338
0.452370
0.554364
0.569138
0.467055
0.393014
0.472351
0.508101
0.532946
0.438222
0.376449
0.476571
0.235058
0.254483
0.300004
0.382590
0.401810
0.361319
0.469086
0.550191
0.359973
0.425448
0.296371
0.452471
0.519662
0.375642
0.441540
0.343594
0.502501
0.477254
0.428658
0.431065
0.323092
0.419115
0.432006
0.344125
0.417672
0.427302
0.269883
0.492770
0.599827
0.528632
0.521241
0.391698
0.450773
0.535143
0.470936
0.412793
0.329649
0.414461
0.535826
0.436593
0.348826
0.309408
0.468975
0.442823
0.410442
0.337700
0.400751
0.350117
0.318943
0.331311
0.221839
0.347014
0.497296
0.484743
0.414629
0.356552
0.340680
0.283825
0.329136
0.426720
0.481048
0.249497
0.268169
0.346378
0.414750
0.313978
0.332777
0.442213
0.462987
0.500451
0.459254
0.384117
0.572973
0.473912
0.491374
0.489628
0.436637
0.445632
0.729784
0.845564
0.906570
0.645370
0.768541
0.749135
0.585109
0.713998
0.729776
0.369479
0.459518
0.428177
0.343620
0.361677
0.397918
0.550063
0.490314
0.367883
0.508280
0.559775
0.548473
0.452150
0.467384
0.434904
0.265773
0.353521
0.390294
0.282307
0.280134
0.327430
0.282493
0.299223
0.357004
0.298481
0.372521
0.406609
0.394455
0.432627
0.412301
0.448914
0.496228
0.477400
0.404375
0.378132
0.412500
0.463453
0.445797
0.392814
0.345512
0.423212
0.257074
0.374277
0.392104
0.438499
0.330850
0.397651
0.401261
0.511891
0.368564
0.457831
0.644205
0.645449
0.678392
0.637027
0.469252
0.709884
0.704864
0.713175
0.739182
0.546911
0.552013
0.567307
0.616908
0.548475
0.429075
0.455988
0.409450
0.270187
0.514245
0.431802
0.356364
0.464637
0.369450
0.299619
0.539508
0.568624
0.471371
0.415446
0.530117
0.499231
0.598485
0.498778
0.480545
0.550362
0.548300
0.615669
0.504436
0.454122
0.534678
0.361615
0.319820
0.444710
0.416074
0.429990
0.363605
0.370616
0.450309
0.416131
0.466043
0.402913
0.357430
0.499117
0.472100
0.485223
0.454423
0.444721
0.419202
0.382054
0.424741
0.530993
0.461441
0.494459
0.451410
0.466419
0.506420
0.447758
0.370431
0.430770
0.451101
0.342723
0.418582
0.550190
0.552392
0.351169
0.399631
0.458010
0.552554
0.286626
0.337167
0.418636
0.460558
0.388612
0.391700
0.435993
0.440211
0.259020
0.278798
0.518077
0.495180
0.395804
0.376305
0.468159
0.453086
0.351843
0.382403
0.494539
0.470343
0.489748
0.394395
0.394980
0.447745
0.492992
0.489135
0.309476
0.363613
0.466781
0.440009
0.504884
0.334736
0.366546
0.341804
0.370746
0.351828
0.385217
0.481715
0.369150
0.390979
0.384067
0.367434
0.411878
0.438445
0.429928
0.329424
0.347416
0.417867
0.340182
0.328671
0.331237
0.409806
0.433192
0.307948
0.289719
0.328036
0.286492
0.371257
0.255934
0.261550
0.280964
0.439345
0.393979
0.530077
0.459372
0.350573
0.351112
0.497711
0.387585
0.376612
0.384360
0.457797
0.324661
0.196138
0.313651
0.262348
0.367387
0.356067
0.269146
0.319719
0.308418
0.361876
0.350271
0.304338
0.277385
0.306237
0.400059
0.380661
0.556452
0.512088
0.350754
0.437640
0.567634
0.584104
0.535257
0.378649
0.464575
0.568082
0.488735
0.540980
0.346238
0.467141
0.538100
0.416843
0.309042
0.333663
0.419104
0.347361
0.331273
0.356631
0.373856
0.364056
0.443821
0.432145
0.472664
0.454074
0.440593
0.475411
0.480339
0.393950
0.531149
0.504837
0.496493
0.414987
0.530500
0.439158
0.420667
0.355830
0.396953
0.396821
0.516628
0.574079
0.410041
0.381328
0.357488
0.470224
0.513475
0.350339
0.363593
0.409014
0.425309
0.545974
0.449294
0.319437
0.348247
0.344447
0.321661
0.457184
0.308513
0.337287
0.291312
0.297446
0.469100
0.274900
0.354805
0.390201
0.349809
0.480769
0.433074
0.443669
0.452734
0.628421
0.502462
0.434076
0.458305
0.411957
0.596507
0.610478
0.533454
0.475363
0.482543
0.642431
0.503413
0.439416
0.399401
0.424000
0.650980
0.609296
0.479715
0.490673
0.578227
0.556759
0.435655
0.516274
0.287344
0.378799
0.274366
0.401661
0.492776
0.293097
0.466109
0.273251
0.471663
0.515571
0.231674
0.444076
0.343076
0.566561
0.482116
0.280019
0.313244
0.351897
0.354606
0.335854
0.323185
0.375923
0.361735
0.350769
0.255060
0.345135
0.392611
0.381612
0.384196
0.287112
0.498021
0.408246
0.507506
0.434702
0.402685
0.496401
0.384655
0.476791
0.451057
0.369416
0.541381
0.417063
0.495083
0.462827
0.359543
0.648972
0.422398
0.515903
0.406161
0.394259
0.572150
0.446185
0.447176
0.352774
0.353987
0.678855
0.490035
0.463925
0.406452
0.371668
0.451173
0.432753
0.316668
0.321551
0.420977
0.414841
0.424302
0.317083
0.253852
0.445289
0.389619
0.442856
0.323231
0.297855
0.390370
0.256538
0.322410
0.287071
0.251492
0.208495
0.293118
0.384082
0.338024
0.277713
0.241409
0.275948
0.381113
0.362396
0.266879
0.228923
0.376731
0.367810
0.357389
0.555634
0.512308
0.425013
0.362031
0.378919
0.499517
0.392695
0.411244
0.265047
0.352392
0.433805
0.332661
0.389524
0.300796
0.323827
0.456276
0.350297
0.527679
0.319049
0.399832
0.494708
0.391563
0.553817
0.424797
0.423490
0.525735
0.394461
0.529768
0.460886
0.456873
0.487451
0.490651
0.496434
0.624752
0.626785
0.398086
0.397343
0.410306
0.542347
0.538352
0.445812
0.444445
0.426915
0.541252
0.541528
0.380793
0.367191
0.394883
0.392214
0.411214
0.444755
0.388069
0.356232
0.401983
0.413386
0.449827
0.395604
0.388988
0.433037
0.469584
0.528311
0.428826
0.422298
0.516166
0.559001
0.453830
0.323666
0.346188
0.438257
0.384774
0.420114
0.304684
0.341883
0.419779
0.413052
0.427853
0.288664
0.344989
0.426175
0.303209
0.411181
0.386748
0.288220
0.482603
0.425727
0.263091
