0.294997
0.352495
0.210798
0.189965
0.329782
0.395642
0.248368
0.218278
0.278599
0.328711
0.191386
0.196846
0.324280
0.303367
0.376305
0.347354
0.310310
0.350062
0.337531
0.379278
0.389767
0.243502
0.248909
0.250784
0.225900
0.335595
0.291496
0.333051
0.227726
0.313013
0.276069
0.315734
0.241035
0.150358
0.317914
0.208830
0.273632
0.331259
0.141552
0.324559
0.211799
0.280478
0.327801
0.141947
0.287057
0.195126
0.220351
0.370250
0.078145
0.109045
0.273218
0.090877
0.099642
0.303127
0.444184
0.602408
0.547548
0.376110
0.420337
0.331771
0.477264
0.390519
0.205889
0.264338
0.527387
0.495090
0.489204
0.227435
0.296926
0.281511
0.325711
0.264629
0.378076
0.353509
0.394312
0.387725
0.472038
0.298738
0.378981
0.330363
0.383467
0.162866
0.242881
0.346504
0.504949
0.368325
0.184051
0.245859
0.323005
0.456325
0.339705
0.161112
0.233875
0.350377
0.499169
0.348692
0.211665
0.274793
0.406806
0.518185
0.385906
0.261978
0.309258
0.396003
0.250411
0.266670
0.387574
0.223896
0.239113
0.343560
0.161064
0.135579
0.216315
0.245088
0.235802
0.316031
0.278014
0.347065
0.396715
0.364061
0.243095
0.221046
0.316162
0.333410
0.316097
0.250780
0.163970
0.299092
0.314226
0.280632
0.218186
0.155555
0.259931
0.316738
0.230142
0.329723
0.234434
0.267995
0.384378
0.366415
0.432275
0.474437
0.572538
0.553589
0.602610
0.386176
0.429366
0.534767
0.496333
0.495229
0.293718
0.352049
0.473654
0.440291
0.418050
0.235731
0.167507
0.178146
0.231395
0.234772
0.152070
0.202703
0.216356
0.294276
0.221979
0.228228
0.267078
0.642396
0.535907
0.382440
0.433653
0.516885
0.673711
0.479444
0.487537
0.462608
0.505475
0.663680
0.584054
0.428230
0.382443
0.450994
0.336557
0.277360
0.489643
0.276227
0.340421
0.335620
0.325535
0.474937
0.280518
0.358870
0.461907
0.494040
0.652447
0.480837
0.558735
0.315525
0.401791
0.287940
0.285980
0.289402
0.481110
0.520438
0.311868
0.387209
0.371373
0.573713
0.617031
0.472052
0.491938
0.500363
0.499527
0.461530
0.341702
0.391383
0.404455
0.376301
0.362836
0.350888
0.319013
0.429381
0.380042
0.363498
0.306913
0.304180
0.384014
0.307254
0.360660
0.354630
0.309838
0.427082
0.191914
0.186649
0.243668
0.213838
0.228399
0.284801
0.152588
0.212832
0.240881
0.435815
0.285739
0.370071
0.288101
0.542612
0.360166
0.302723
0.340918
0.268649
0.442567
0.572404
0.355880
0.444416
0.389304
0.500535
0.272631
0.300208
0.305737
0.316268
0.265456
0.277225
0.287440
0.314255
0.316450
0.226820
0.233346
0.271540
0.269191
0.268906
0.252479
0.345696
0.259063
0.349311
0.187570
0.222879
0.150571
0.220077
0.309229
0.225001
0.219031
0.283024
0.279559
0.236348
0.219717
0.353367
0.294539
0.347261
0.183267
0.382636
0.196120
0.323196
0.219309
0.188310
0.160247
0.219305
0.193886
0.238016
0.181738
0.190664
0.273335
0.221142
0.312628
0.218145
0.236019
0.300103
0.238794
0.411993
0.539606
0.501218
0.471518
0.455651
0.404978
0.473117
0.461960
0.444055
0.460088
0.492061
0.594520
0.482760
0.540350
0.532817
0.230496
0.298687
0.280361
0.249517
0.313150
0.243677
0.211846
0.270431
0.271857
0.263524
0.395384
0.292784
0.599866
0.526922
0.304356
0.348289
0.342588
0.449150
0.463390
0.457991
0.486189
0.512460
0.340677
0.374034
0.410363
0.490484
0.526113
0.368065
0.503808
0.566959
0.294231
0.386263
0.388569
0.191640
0.258794
0.181028
0.244818
0.247400
0.191105
0.327567
0.198853
0.227716
0.220897
0.189317
0.327528
0.192944
0.277417
0.270219
0.303270
0.265282
0.337444
0.231789
0.341567
0.215338
0.211997
0.355855
0.233242
0.346940
0.260313
0.275705
0.431873
0.197495
0.275373
0.222628
0.237358
0.375814
0.299587
0.344795
0.199236
0.324550
0.361057
0.338528
0.205430
0.337843
0.327306
0.347410
0.183408
0.332626
0.223985
0.344271
0.267468
0.284358
0.264995
0.239887
0.335941
0.264046
0.273091
0.261474
0.253071
0.348239
0.284949
0.293748
0.265512
0.084558
0.086791
0.280865
0.463600
0.335073
0.334490
0.461073
0.377807
0.490810
0.342726
0.344864
0.451729
0.367641
0.499971
0.347852
0.348411
0.456927
0.387430
0.136765
0.266049
0.144236
0.171702
0.207090
0.374564
0.194195
0.199508
0.235518
0.281612
0.158285
0.194357
0.352388
0.514390
0.434875
0.492530
0.443917
0.433471
0.636673
0.539330
0.594604
0.529519
0.434298
0.371967
0.373417
0.377811
0.362160
0.452878
0.436906
0.380651
0.363858
0.382267
0.389806
0.368115
0.354493
0.353758
0.326027
0.523593
0.477402
0.485061
0.495934
0.516064
0.661530
0.555556
0.577391
0.503857
0.576432
0.627087
0.555796
0.543815
0.508512
0.526118
0.443764
0.304859
0.344006
0.467621
0.327941
0.432731
0.524559
0.302543
0.435889
0.353735
0.436182
0.225078
0.259360
0.396695
0.468967
0.265276
0.302503
0.367940
0.431965
0.270882
0.302569
0.511925
0.395491
0.308848
0.325612
0.363643
0.407174
0.342616
0.332007
0.330253
0.408156
0.519928
0.419880
0.339115
0.396077
0.479429
0.412421
0.451678
0.448281
0.340049
0.302999
0.505114
0.579803
0.569273
0.385560
0.417543
0.533445
0.560564
0.570317
0.438319
0.405108
0.387008
0.203367
0.310218
0.315749
0.169030
0.318774
0.315354
0.232120
0.233296
0.378378
0.606027
0.440126
0.442171
0.357209
0.567457
0.417000
0.332902
0.330746
0.547595
0.397541
0.281361
0.333547
0.360851
0.404573
0.223302
0.250046
0.360776
0.390713
0.382026
0.213122
0.259374
0.351242
0.363538
0.335472
0.232828
0.271303
0.639606
0.423552
0.558501
0.607832
0.494563
0.496160
0.292695
0.393303
0.463806
0.429997
0.605837
0.372739
0.448500
0.534482
0.447428
0.348375
0.324318
0.205616
0.276565
0.326456
0.298560
0.254363
0.285159
0.328137
0.335619
0.215365
0.283090
0.235274
0.292775
0.214191
0.285614
0.295069
0.291923
0.260888
0.248631
0.266054
0.313078
0.260709
0.283983
0.212966
0.291265
0.302114
0.193996
0.356970
0.319980
0.260603
0.295036
0.223896
0.341890
0.305505
0.257441
0.286327
0.231532
0.369141
0.344397
0.278174
0.293827
0.408045
0.345121
0.324616
0.267623
0.309282
0.462604
0.375687
0.378613
0.303940
0.432160
0.453124
0.413678
0.296597
0.325278
0.287856
0.663477
0.523167
0.605571
0.620964
0.698438
0.504247
0.388482
0.462525
0.471734
0.552168
0.619166
0.481883
0.519257
0.568172
0.617412
0.305506
0.280212
0.388378
0.348468
0.280713
0.226283
0.331838
0.279702
0.255795
0.206225
0.265681
0.230770
0.300790
0.521370
0.467877
0.231214
0.367099
0.264279
0.543135
0.404436
0.234808
0.321480
0.346299
0.500379
0.443041
0.288465
0.401913
0.490632
0.486650
0.570171
0.378101
0.333460
0.416256
0.417839
0.376025
0.419809
0.430371
0.507273
0.456011
0.433336
0.350969
0.481024
0.492214
0.507087
0.459076
0.322840
0.506344
0.573471
0.558110
0.531745
0.322836
0.396848
0.310131
0.129768
0.311586
0.446861
0.372561
0.139504
0.380168
0.463650
0.370524
0.158747
0.431798
0.207656
0.199359
0.241491
0.205981
0.037194
0.230990
0.247983
0.257674
0.248701
0.077130
0.459306
0.503663
0.472828
0.425147
0.290398
0.607185
0.623637
0.587945
0.535900
0.431505
0.220110
0.154273
0.247805
0.241516
0.188429
0.266568
0.240403
0.169906
0.282911
0.323969
0.383373
0.208526
0.355627
0.319973
0.436500
0.477392
0.248546
0.309045
0.354224
0.354700
0.438571
0.212383
0.302811
0.307437
0.254629
0.313383
0.200214
0.158378
0.165273
0.422666
0.443728
0.338014
0.283279
0.335714
0.399954
0.417546
0.345192
0.286593
0.348698
0.416283
0.415017
0.295459
0.234692
0.361244
0.440213
0.375637
0.305406
0.203536
0.312292
0.455505
0.397398
0.319329
0.251713
0.311496
0.265775
0.171273
0.223028
0.223296
0.335530
0.233158
0.181528
0.243166
0.246825
0.309480
0.256817
0.167488
0.259040
0.225900
0.339393
0.407705
0.464180
0.391248
0.314319
0.300996
0.447099
0.481213
0.516776
0.406990
0.400775
0.380601
0.399505
0.413513
0.311023
0.331289
0.199490
0.259815
0.305971
0.181047
0.264442
0.210625
0.286227
0.312962
0.208701
0.275053
0.206028
0.271024
0.292213
0.174384
0.259582
0.195045
0.221670
0.198230
0.129760
0.198269
0.221213
0.214543
0.143798
0.196951
0.215273
0.191494
0.115461
0.289327
0.429893
0.711316
0.216146
0.400856
0.648861
0.199312
0.403119
0.684311
0.434135
0.389929
0.225603
0.210409
0.216992
0.355231
0.321237
0.222016
0.237775
0.205441
0.342766
0.338566
0.203312
0.206356
0.253593
0.393599
0.403601
0.311003
0.365698
0.445991
0.483065
0.419399
0.299785
0.375769
0.356471
0.469177
0.413661
0.248408
0.276614
0.428449
0.377551
0.446890
0.296712
0.329559
0.260699
0.310162
0.229897
0.265068
0.355298
0.380399
0.271161
0.325404
0.461197
0.615935
0.360418
0.358155
0.329535
0.476322
0.608008
0.410599
0.367462
0.342944
0.321290
0.450514
0.306976
0.278791
0.290819
0.237932
0.235240
0.311492
0.206728
0.188690
0.228937
0.204102
0.292478
0.213477
0.178119
0.239967
0.243138
0.305084
0.215747
0.192710
0.236124
0.378033
0.289220
0.262160
0.348350
0.409834
0.542771
0.446380
0.376712
0.534501
0.283925
0.379736
0.351877
0.297177
0.397373
0.388292
0.331037
0.382206
0.382769
0.362765
0.397658
0.330742
0.385371
0.402245
0.377834
0.392564
0.358465
0.376496
0.386297
0.369702
0.362318
0.249926
0.292982
0.267177
0.246015
0.229393
0.420569
0.433339
0.334306
0.410228
0.514457
0.392807
0.391473
0.288448
0.327348
0.424946
0.386064
0.411759
0.305951
0.345804
0.441350
0.336945
0.337036
0.267085
0.270238
0.333089
0.317042
0.292849
0.294525
0.370818
0.375045
0.339751
0.346956
0.559796
0.643229
0.553701
0.693493
0.280813
0.522202
0.569446
0.504584
0.627172
0.416788
0.535327
0.601795
0.564817
0.682020
0.405254
0.218956
0.255623
0.213823
0.174968
0.169784
0.165107
0.203306
0.185689
0.105293
0.144886
0.200598
0.233235
0.237080
0.169077
0.130891
0.229971
0.242033
0.260791
0.378651
0.449507
0.209931
0.240805
0.249965
0.329867
0.399429
0.186383
0.205971
0.218166
0.326812
0.406865
0.170118
0.267254
0.290790
0.298954
0.235762
0.393319
0.485974
0.552382
0.519988
0.507505
0.575819
0.585105
0.621494
0.447963
0.518312
0.529982
0.527826
0.546394
0.583137
0.596769
0.615382
0.260264
0.240330
0.201314
0.277834
0.196282
0.177421
0.168112
0.204337
0.230818
0.192530
0.123195
0.188985
0.234088
0.362866
0.285086
0.272703
0.254019
0.304631
0.464901
0.332258
0.419191
0.277154
0.286382
0.425143
0.286715
0.395005
0.279344
0.405892
0.425117
0.359142
0.356151
0.373304
0.358017
0.352439
0.314962
0.300746
0.282159
0.295404
0.358164
0.263620
0.292283
0.287116
0.518984
0.564071
0.416953
0.288064
0.472112
0.373984
0.424519
0.308744
0.310634
0.407242
0.505572
0.571780
0.383562
0.359587
0.468515
0.517808
0.368298
0.359299
0.886748
0.567123
0.452052
0.319356
0.300420
0.819254
0.492530
0.547825
0.380946
0.399375
0.938104
0.583991
0.412627
0.386765
0.327758
0.429544
0.457308
0.504860
0.329380
0.555873
0.332371
0.340096
0.238087
0.399876
0.424344
0.380646
0.305607
0.462100
0.537711
0.325863
0.351576
0.476135
0.516289
0.338880
0.341654
0.462225
0.550417
0.316122
0.312685
0.429831
0.270953
0.344838
0.467381
0.330851
0.437931
0.274583
0.379907
0.476182
0.361960
0.446137
0.222885
0.392610
0.502750
0.346862
0.329852
0.271546
0.274249
0.310274
0.330285
0.392847
0.295465
0.275681
0.309057
0.317244
0.392023
0.351883
0.321273
0.342023
0.348283
0.608483
0.717295
0.619008
0.435483
0.486884
0.594193
0.718316
0.574059
0.456331
0.518791
0.584652
0.679324
0.578306
0.419390
0.459936
0.482434
0.438048
0.593482
0.242215
0.263425
0.276264
0.285936
0.335578
0.302001
0.299241
0.321136
0.328850
0.353289
0.313798
0.291052
0.287686
0.265733
0.313963
0.263207
0.265568
0.353793
0.289498
0.352946
0.366205
0.422309
0.363244
0.362245
0.343536
0.403335
0.390944
0.172861
0.312121
0.305059
0.275964
0.157162
0.297602
0.323793
0.285597
0.139826
0.316233
0.327401
0.242295
0.088255
0.194838
0.125612
0.138110
0.156128
0.066806
0.329550
0.346202
0.430427
0.330628
0.254894
0.331784
0.311262
0.365423
0.287782
0.247664
0.392992
0.421476
0.492812
0.320430
0.248956
0.274982
0.266370
0.384045
0.336426
0.303427
0.254359
0.378858
0.324609
0.254465
0.229637
0.364035
0.325071
0.234347
0.242791
0.232168
0.194156
0.202416
0.242948
0.155721
0.218547
0.241976
0.335435
0.338707
0.285897
0.351250
0.329430
0.286861
0.364761
0.398521
0.360631
0.372227
0.234864
0.565099
0.468683
0.324558
0.202344
0.440018
0.364213
0.374728
0.275177
0.509417
0.439498
0.217141
0.205835
0.251775
0.154793
0.240123
0.246606
0.217547
0.248984
0.254727
0.266129
0.213446
0.162851
0.206843
0.318889
0.269161
0.224518
0.287895
0.283086
0.246649
0.197283
0.279004
0.362356
0.277736
0.256289
0.301954
0.241523
0.204040
0.257316
0.232847
0.456212
0.321313
0.328268
0.328846
0.315714
0.415539
0.375828
0.424237
0.366927
0.332032
0.346815
0.281621
0.287360
0.277853
0.262007
0.205606
0.279116
0.254436
0.183426
0.193420
0.166685
0.287888
0.256533
0.169858
0.185914
0.265520
0.274221
0.285651
0.146126
0.179556
0.349025
0.306452
0.301846
0.357893
0.477302
0.357487
0.348572
0.351906
0.326749
0.465631
0.366661
0.400106
0.430081
0.368204
0.487534
0.352825
0.394299
0.340177
0.379570
0.325390
0.310593
0.288879
0.313175
0.377329
0.367674
0.309741
0.296687
0.355255
0.314924
0.340656
0.375053
0.361175
0.356240
0.425261
0.444568
0.393172
0.449909
0.452026
0.583685
0.601827
0.534072
0.504186
0.367237
0.285854
0.268260
0.394214
0.336200
0.493486
0.369611
0.258766
0.502482
0.432836
0.461081
0.262965
0.200869
0.469702
0.387120
0.308717
0.523723
0.366046
0.279482
0.493723
0.298955
0.318775
0.512201
0.344010
0.607270
0.685156
0.277482
0.556648
0.596185
0.196608
0.617493
0.619154
0.288752
0.355915
0.345361
0.337819
0.243182
0.223178
0.256465
0.264764
0.232799
0.190422
0.179235
0.332319
0.332852
0.325588
0.244713
0.207606
0.366817
0.191093
0.281057
0.156753
0.175436
0.302172
0.228308
0.247315
0.167373
0.161946
0.331620
0.220368
0.249817
0.181919
0.127364
0.139971
0.249078
0.244728
0.243964
0.335028
0.328415
0.191591
0.295897
0.284811
0.260233
0.354361
0.345938
0.338461
0.255125
0.271778
0.203588
0.240893
0.248958
0.210234
0.272183
0.211016
0.257240
0.229796
0.253954
0.454030
0.421048
0.378016
0.471717
0.350062
0.429264
0.407760
0.373043
0.434405
0.395157
0.539276
0.496082
0.491901
0.468328
0.365672
0.431820
0.500539
0.471003
0.196900
0.506703
0.311452
0.341707
0.299001
0.222486
0.392014
0.374353
0.406825
0.376195
0.173903
0.399192
0.101282
0.132486
0.332489
0.529104
0.416671
0.485624
0.446151
0.475248
0.551600
0.414555
0.524042
0.381955
0.486162
0.510286
0.442277
0.511646
0.479122
0.514548
0.266642
0.227205
0.239992
0.209394
0.200244
0.248939
0.198304
0.218617
0.184784
0.193261
0.238753
0.207782
0.220093
0.194883
0.188684
0.456581
0.562519
0.424866
0.484277
0.541792
0.523760
0.434156
0.502211
0.404428
0.466609
0.384582
0.320214
0.382075
0.419233
0.361907
0.250772
0.294102
0.428220
0.353454
0.271918
0.310830
0.432432
0.412351
0.435197
0.584608
0.568520
0.402362
0.377232
0.392960
0.538530
0.518627
0.368713
0.349412
0.344206
0.526147
0.486374
0.294426
0.349631
0.181007
0.213779
0.287934
0.337564
0.161739
0.200643
0.299448
0.362128
0.182976
0.209506
0.409711
0.398403
0.497477
0.458238
0.409521
0.576855
0.448060
0.507501
0.545396
0.677143
0.434543
0.402087
0.462821
0.492703
0.459642
0.450945
0.363883
0.318254
0.525387
0.413235
0.459426
0.409678
0.313922
0.606626
0.491218
0.411275
0.351755
0.265625
0.521775
0.395238
0.234696
0.225977
0.222954
0.294246
0.220048
0.187072
0.196796
0.220149
0.492408
0.417487
0.475042
0.486896
0.139108
0.302907
0.135417
0.136624
0.216653
0.202425
0.396124
0.182753
0.187455
0.279641
0.201303
0.364489
0.157622
0.163068
0.250984
0.219936
0.396685
0.337521
0.424944
0.455302
0.277781
0.418155
0.407014
0.366774
0.412941
0.320153
0.507450
0.445497
0.454224
0.482257
0.271373
0.227701
0.260422
0.330074
0.338127
0.221336
0.346329
0.361638
0.292173
0.192168
0.309082
0.359376
0.387320
0.230035
0.320177
0.305834
0.302187
0.241181
0.154250
0.153577
0.164367
0.212567
0.318441
0.239379
0.269839
0.250549
0.306731
0.235844
0.204558
0.208341
0.255717
0.169447
0.279556
0.274664
0.262461
0.332664
0.216368
0.217725
0.180245
0.196513
0.215438
0.135070
0.374085
0.477162
0.188130
0.347883
0.477915
0.226065
0.314449
0.412534
0.231969
0.151028
0.200489
0.224578
0.180682
0.388996
0.259466
0.249824
0.284401
0.155159
0.289014
0.234034
0.278117
0.248079
0.236317
0.430963
0.241153
0.279079
0.237520
0.328692
0.296502
0.308729
0.320104
0.270926
0.385124
0.301467
0.407348
0.359839
0.286250
0.309749
0.350378
0.430932
0.418800
0.362899
0.346380
0.342791
0.333567
0.321599
0.273137
0.364757
0.346740
0.254105
0.382408
0.341823
0.335497
0.354533
0.369534
0.323976
0.386239
0.404340
0.348850
0.348191
0.355090
0.365850
0.399367
0.330389
0.293230
0.328859
0.351670
0.411065
0.398237
0.271170
0.375753
0.362667
0.239768
0.362664
0.357464
0.215921
0.345487
0.397236
0.443824
0.503305
0.393781
0.377769
0.449839
0.474747
0.555727
0.451143
0.281794
0.360870
0.378667
0.447170
0.347481
0.368810
0.583891
0.424272
0.476965
0.378330
0.508612
0.696381
0.510147
0.546260
0.497606
0.417238
0.582699
0.466044
0.420955
0.421841
0.453531
0.477817
0.439640
0.264276
0.373323
0.400965
0.438874
0.422432
0.275261
0.371411
0.470121
0.494518
0.460920
0.320086
0.410121
0.135491
0.151018
0.157829
0.117648
0.117056
0.225313
0.242008
0.130179
0.250198
0.262610
0.169185
0.182700
0.107003
0.185593
0.193325
0.335539
0.349592
0.371673
0.317837
0.361397
0.382772
0.369951
0.344147
0.334184
0.357703
0.378862
0.318552
0.285998
0.308584
0.355409
0.273357
0.285733
0.283487
0.270855
0.257161
0.297769
0.261434
0.275544
0.190675
0.303771
0.300669
0.298708
0.250747
0.264395
0.348376
0.369918
0.251880
0.360750
0.380775
0.282528
0.344955
0.397586
0.388622
0.461779
0.380109
0.519529
0.434677
0.431504
0.548744
0.424361
0.568862
0.474389
0.292596
0.338412
0.326751
0.392046
0.374558
0.416474
0.230810
0.268984
0.413476
0.460087
0.394252
0.396924
0.458803
0.592188
0.621249
0.499282
0.178739
0.202008
0.495871
0.500061
0.243607
0.251716
0.275571
0.179829
0.181118
0.248587
0.253338
0.276181
0.143197
0.178130
0.286917
0.291671
0.319615
0.209874
0.239871
0.282027
0.336492
0.165248
0.298535
0.752478
0.348930
0.440468
0.279465
0.402096
0.835912
0.385188
0.301469
0.355600
0.424872
0.774852
0.414379
0.428571
0.489528
0.294640
0.312631
0.302003
0.394711
0.426351
0.285395
0.267403
0.396048
0.345079
0.432667
0.315458
0.382452
0.291055
0.312535
0.459567
0.348964
0.295788
0.314663
0.441934
0.342162
0.413956
0.464524
0.468788
0.422102
0.162174
0.234076
0.245278
0.276834
0.300630
0.192497
0.280067
0.317201
0.363557
0.389024
0.213928
0.279266
0.255253
0.293415
0.314215
0.289272
0.348968
0.293104
0.271617
0.388481
0.235771
0.310561
0.215770
0.215618
0.351120
0.238892
0.298751
0.297418
0.205824
0.391329
0.392280
0.273482
0.368603
0.412775
0.469915
0.414493
0.309920
0.333497
0.320787
0.385966
0.381920
0.284628
0.291960
0.363263
0.397848
0.293372
0.279524
0.328793
0.226032
0.196322
0.183057
0.275126
0.130720
0.303057
0.268000
0.396694
0.181605
0.170474
0.266858
0.235588
0.241682
0.112777
0.264016
0.184655
0.147011
0.181697
0.196877
0.200470
0.235575
0.153161
0.193228
0.149202
0.451222
0.448510
0.416836
0.517934
0.586445
0.564334
0.266333
0.327587
0.449297
0.455385
0.379323
0.453137
0.272809
0.206794
0.228747
0.298445
0.296680
0.244644
0.257599
0.287522
0.252392
0.195469
0.233642
0.277544
0.264357
0.330322
0.165036
0.238473
0.312402
0.129359
0.326362
0.407656
0.192716
0.227430
0.254345
0.367277
0.312489
0.288033
0.220784
0.214739
0.272761
0.263551
0.255015
0.180705
0.171362
0.281606
0.224613
0.196475
0.275937
0.302383
0.287571
0.227308
0.312917
0.309556
0.296299
0.312078
0.229115
0.324476
0.376950
0.336122
0.389280
0.285913
0.431851
0.434703
0.386953
0.569215
0.471635
0.343225
0.598433
0.515239
0.703075
0.512595
0.450764
0.521352
0.472842
0.715444
0.463484
0.409247
0.542546
0.541635
0.538792
0.573228
0.551196
0.448601
0.553256
0.425612
0.485118
0.568722
0.485449
0.625901
0.477586
0.547639
0.570561
0.395092
0.242814
0.309194
0.371349
0.257235
0.289780
0.415491
0.296998
0.360540
0.253480
0.332941
0.255725
0.289168
0.274493
0.330089
0.209736
0.335643
0.292628
0.327900
0.234664
0.298563
0.271440
0.293317
0.265523
0.218436
0.261364
0.267128
0.242404
0.319960
0.311823
0.354115
0.314436
0.192185
0.311888
0.282950
0.326640
0.414193
0.355608
0.387458
0.431993
0.346854
0.400657
0.385917
0.416265
0.393105
0.243744
0.281127
0.284099
0.279260
0.289184
0.228589
0.278136
0.310706
0.259538
0.249591
0.347875
0.454470
0.228676
0.342151
0.474448
0.233513
0.335592
0.471331
0.855073
0.639611
0.550112
0.568499
0.431940
0.827921
0.616964
0.565176
0.518425
0.399501
0.718088
0.580504
0.440466
0.491437
0.361132
0.780788
0.582782
0.467499
0.473969
0.331264
0.779312
0.409111
0.286596
0.870501
0.364437
0.246870
0.742591
0.234372
0.179420
0.241995
0.265616
0.228366
0.166753
0.336394
0.255748
0.277757
0.269939
0.189755
0.301769
0.254769
0.264974
0.267077
0.189878
0.328451
0.343986
0.389441
0.256356
0.361011
0.331357
0.346863
0.435794
0.248036
0.332003
0.260358
0.339693
0.396902
0.246245
0.339727
0.294358
0.517609
0.433733
0.588750
0.407451
0.540590
0.374327
0.423174
0.429458
0.310867
0.457298
0.386896
0.435724
0.443226
0.343102
0.463973
0.300052
0.162862
0.302056
0.286660
0.279637
0.497515
0.440237
0.385313
0.335649
0.518432
0.567988
0.541244
0.460912
0.356602
0.554975
0.461210
0.455486
0.430734
0.453478
0.358420
0.447440
0.398555
0.405775
0.378736
0.307772
0.478106
0.453047
0.463240
0.453579
0.378505
0.438727
0.418569
0.396092
0.441777
0.371236
0.233042
0.292833
0.318471
0.346519
0.227116
0.270191
0.334362
0.311104
0.214445
0.327924
0.329086
0.239480
0.417977
0.289371
0.307736
0.323132
0.377837
0.234175
0.319366
0.279862
0.242200
0.357938
0.179302
0.216525
0.204581
0.180177
0.262901
0.188106
0.233592
0.228665
0.178410
0.190529
0.409057
0.448594
0.404816
0.416365
0.341084
0.342212
0.392430
0.328582
0.316932
0.224434
0.414136
0.454617
0.405842
0.420222
0.349810
0.268798
0.279566
0.409782
0.403585
0.460192
0.246600
0.249573
0.343962
0.392865
0.439092
0.280076
0.276311
0.365203
0.365803
0.474620
0.234182
0.159836
0.202072
0.164836
0.174069
0.238446
0.204140
0.213035
0.148200
0.172751
0.288820
0.235946
0.255666
0.215720
0.235481
0.187278
0.168024
0.240052
0.144303
0.173569
0.192905
0.142792
0.229730
0.119629
0.159692
0.228714
0.171408
0.257660
0.158663
0.181367
0.158212
0.188587
0.347080
0.271975
0.350131
0.161004
0.146187
0.269764
0.200537
0.319249
0.170414
0.182037
0.318539
0.218423
0.342529
0.297407
0.230102
0.455523
0.220717
0.333870
0.366327
0.349891
0.487643
0.371453
0.436561
0.321733
0.361961
0.502298
0.370152
0.390955
0.361568
0.363515
0.354418
0.353523
0.467768
0.390766
0.409414
0.345175
0.383742
0.458686
0.391012
0.334328
0.393510
0.338476
0.406941
0.245716
0.284840
0.223978
0.273559
0.385710
0.449662
0.302647
0.307396
0.449700
0.387158
0.479385
0.350028
0.308195
0.484105
0.334482
0.485843
0.453146
0.474370
0.442689
0.449312
0.418981
0.412970
0.376778
0.397499
0.338654
0.376410
0.343608
0.062817
0.050988
0.267266
0.104031
0.078112
0.247629
0.171823
0.272641
0.294785
0.319544
0.247017
0.195498
0.224540
0.274305
0.210067
0.273325
0.306445
0.323344
0.478423
0.529420
0.512923
0.547126
0.584403
0.492012
0.529199
0.563712
0.532701
0.583420
0.458400
0.524135
0.504207
0.590600
0.578061
0.372309
0.368792
0.473613
0.414889
0.378842
0.427128
0.472360
0.487795
0.462777
0.429273
0.293268
0.349366
0.376195
0.306850
0.273414
0.449665
0.433701
0.375659
0.419380
0.490748
0.407883
0.382061
0.326718
0.350574
0.442372
0.375654
0.395975
0.334696
0.340987
0.461752
0.589935
0.458286
0.466423
0.361070
0.398913
0.633461
0.495588
0.500534
0.413252
0.438853
0.528930
0.400588
0.414550
0.335571
0.357037
0.470931
0.513986
0.489662
0.356278
0.364358
0.505868
0.491616
0.503326
0.413161
0.397778
0.495734
0.463032
0.617331
0.366599
0.345618
0.242681
0.345723
0.386808
0.232857
0.372149
0.400464
0.265421
0.333270
0.378369
0.197457
0.280040
0.361358
0.119389
0.241638
0.287333
0.175147
0.283964
0.291804
0.261485
0.360160
0.344390
0.465214
0.371318
0.436880
0.426901
0.446699
0.495049
0.356263
0.443005
0.413430
0.432123
0.365729
0.261227
0.365879
0.279462
0.333733
0.266760
0.371107
0.264984
0.354479
0.310777
0.294004
0.348367
0.301809
0.313047
0.453119
0.320968
0.381593
0.263314
0.450399
0.302902
0.176367
0.223428
0.197810
0.319445
0.213651
0.232749
0.306392
0.305512
0.244444
0.192417
0.139604
0.299587
0.207464
0.378527
0.166671
0.252602
0.196414
0.246013
0.181561
0.164704
0.260786
0.255003
0.245102
0.217954
0.297794
0.258436
0.270925
0.300068
0.398548
0.513316
0.220694
0.400116
0.551183
0.321262
0.454276
0.574058
0.258834
0.269662
0.101916
0.145918
0.310697
0.263846
0.161853
0.177187
0.235755
0.276939
0.194585
0.275796
0.301716
0.278744
0.305972
0.338119
0.323102
0.285536
0.318435
0.298077
0.351905
0.318363
0.358904
0.394952
0.259530
0.294407
0.371727
0.333767
0.396401
0.278746
0.339953
0.402292
0.340435
0.400665
0.284319
0.296938
0.361928
0.338400
0.385118
0.356321
0.467600
0.290314
0.312169
0.442608
0.584525
0.374077
0.340329
0.335777
0.454741
0.263169
0.337171
0.307414
0.416324
0.373687
0.303124
0.326435
0.300790
0.375211
0.382373
0.370855
0.344239
0.299466
0.293888
0.167772
0.198922
0.340801
0.302479
0.295603
0.181553
0.220191
0.293461
0.227735
0.220445
0.160793
0.167605
0.149839
0.157794
0.203963
0.146729
0.135166
0.181356
0.122270
0.132647
0.196869
0.318579
0.272176
0.248959
0.187265
0.210230
0.230458
0.215291
0.201527
0.148253
0.180172
0.287817
0.244225
0.215276
0.163273
0.175202
0.454425
0.437328
0.215796
0.355613
0.316207
0.529501
0.538517
0.280396
0.389782
0.312731
0.564446
0.543000
0.303920
0.425753
0.368506
0.133319
0.469692
0.383811
0.152003
0.439444
0.346399
0.197252
0.478263
0.382629
0.565831
0.357372
0.427487
0.594097
0.470009
0.268322
0.323402
0.467175
0.483768
0.370326
0.346090
0.462665
0.571213
0.519150
0.337362
0.577192
0.527963
0.392937
0.561775
0.523568
0.320036
0.312907
0.256597
0.239143
0.359620
0.300017
0.273117
0.318304
0.251406
0.242402
0.481159
0.380820
0.412864
0.343418
0.402456
0.457386
0.389712
0.410357
0.403170
0.415970
0.459663
0.400951
0.405788
0.396953
0.422148
0.293218
0.251621
0.224137
0.213818
0.300549
0.272782
0.237204
0.246071
0.372118
0.342202
0.310211
0.333326
0.371403
0.366381
0.357738
0.412405
0.409946
0.404564
0.371557
0.394524
0.384998
0.380627
0.342453
0.462487
0.334793
0.242898
0.364925
0.334233
0.240902
0.459467
0.235732
0.383122
0.286599
0.274214
0.203366
0.193443
0.403007
0.234608
0.192024
0.199188
0.269335
0.443111
0.324747
0.281461
0.247242
0.195935
0.272946
0.391672
0.424180
0.184837
0.236368
0.329906
0.443661
0.439403
0.243449
0.234961
0.320451
0.425187
0.428376
0.246205
0.259061
0.328694
0.474853
0.462692
0.251229
0.356324
0.439161
0.389063
0.397691
0.432674
0.339123
0.373187
0.375291
0.362163
0.359393
0.416045
0.468291
0.450038
0.473394
0.334299
0.516224
0.551459
0.765951
0.504094
0.517527
0.363171
0.409462
0.626597
0.326619
0.332601
0.305141
0.412167
0.599467
0.327957
0.318112
0.291442
0.251158
0.605900
0.614463
0.300033
0.273227
0.444348
0.456024
0.376781
0.220962
0.288928
0.398687
0.256257
0.309474
0.398753
0.189399
0.261000
0.564472
0.513129
0.582739
0.391464
0.452050
0.610040
0.605301
0.625559
0.487097
0.573456
0.535727
0.464928
0.565030
0.344481
0.389014
0.539679
0.281703
0.376734
0.297504
0.340362
0.574765
0.288496
0.382671
0.348627
0.384297
0.561852
0.254405
0.344511
0.253294
0.374873
0.258853
0.318702
0.158797
0.274169
0.191377
0.235960
0.274182
0.183957
0.235291
0.171653
0.409098
0.437950
0.297861
0.413825
0.305379
0.368619
0.160107
0.299058
0.228161
0.214411
0.340812
0.128919
0.249663
0.198468
0.187115
0.313527
0.156704
0.247693
0.199507
0.174462
0.421923
0.396946
0.514302
0.653730
0.376144
0.346747
0.330182
0.498078
0.480487
0.442192
0.453838
0.596314
0.464163
0.386899
0.452848
0.409462
0.354198
0.411799
0.355127
0.401666
0.395697
0.320426
0.461357
0.387735
0.434892
0.407205
0.383779
0.302883
0.176203
0.176556
0.199482
0.236457
0.385037
0.291974
0.318141
0.313939
0.342685
0.348252
0.192587
0.222981
0.227870
0.258903
0.640395
0.422521
0.548691
0.403819
0.527631
0.538381
0.303654
0.485239
0.290451
0.333740
0.556004
0.387792
0.492210
0.255975
0.409222
0.199598
0.188328
0.265689
0.251625
0.297518
0.297044
0.317427
0.270544
0.307668
0.280681
0.412869
0.373451
0.219431
0.402535
0.256003
0.282323
0.306811
0.209668
0.293391
0.196225
0.196614
0.186199
0.196212
0.294723
0.175987
0.159234
0.162672
0.065219
0.075908
0.052383
0.128760
0.033277
0.061985
0.078052
0.115118
0.159500
0.062433
0.063143
0.063183
0.081178
0.130207
0.047785
0.297204
0.379060
0.195298
0.240522
0.223215
0.355799
0.501794
0.324524
0.213621
0.339462
0.352727
0.401341
0.286693
0.183166
0.289159
0.239188
0.342706
0.414204
0.409054
0.376139
0.378327
0.360988
0.429095
0.404355
0.415973
0.342800
0.327278
0.446212
0.373130
0.366847
0.454970
0.555682
0.384697
0.357073
0.242811
0.425406
0.487060
0.452938
0.392403
0.221016
0.449589
0.486776
0.406155
0.337793
0.186517
0.187418
0.186037
0.222686
0.245807
0.221801
0.242634
0.259456
0.193850
0.281344
0.280266
0.236707
0.241811
0.520774
0.452191
0.251093
0.531743
0.494199
0.298045
0.471349
0.338107
0.244477
0.314900
0.313720
0.248757
0.246177
0.259374
0.362938
0.375148
0.253371
0.235990
0.292879
0.370901
0.400132
0.299486
0.373318
0.346050
0.341910
0.310432
0.351536
0.352480
0.304059
0.306471
0.346317
0.311243
0.404150
0.298518
0.391263
0.414034
0.292323
0.377204
0.223029
0.164809
0.259749
0.328912
0.208796
0.259313
0.276333
0.330301
0.246294
0.357723
0.308836
0.332325
0.352635
0.185896
0.196390
0.287896
0.289320
0.200389
0.227550
0.285263
0.274377
0.272104
0.262808
0.352161
0.313570
0.210871
0.200022
0.299783
0.274029
0.315647
0.298455
0.417362
0.265612
0.352738
0.243175
0.448343
0.169799
0.257957
0.482624
0.191740
0.251935
0.404771
0.236797
0.179606
0.241465
0.252608
0.377138
0.358720
0.394631
0.305405
0.400375
0.525604
0.476805
0.320479
0.331947
0.398578
0.545718
0.435616
0.412254
0.408035
0.427819
0.283217
0.280003
0.463243
0.450305
0.463098
0.307594
0.225815
0.502689
0.524376
0.491975
0.372771
0.302675
0.280412
0.311917
0.344657
0.241110
0.322203
0.355450
0.397440
0.269549
0.245524
0.285606
0.273455
0.246167
0.277418
0.248373
0.320724
0.213864
0.253505
0.312851
0.214148
0.438817
0.471852
0.290425
0.366711
0.347997
0.350903
0.465248
0.468539
0.357251
0.258398
0.232358
0.260144
0.261626
0.199932
0.287063
0.255493
0.290339
0.302998
0.308769
0.180382
0.166079
0.188691
0.209490
0.244597
0.263537
0.386568
0.311911
0.402995
0.306955
0.330374
0.412837
0.366526
0.456400
0.360246
0.232137
0.352595
0.312630
0.386002
0.288374
0.314130
0.309814
0.430667
0.157829
0.313719
0.261130
0.262517
0.374085
0.123301
0.253762
0.303451
0.347121
0.454503
0.210083
0.383390
0.222045
0.216777
0.254056
0.158598
0.175317
0.212334
0.257442
0.328979
0.199120
0.214239
0.210850
0.206158
0.252063
0.170357
0.148498
0.396372
0.371673
0.467016
0.466499
0.465235
0.456862
0.301681
0.308261
0.416684
0.460015
0.309588
0.433163
0.264924
0.344487
0.580588
0.377587
0.533179
0.231270
0.369633
0.517371
0.299910
0.470511
0.228675
0.309185
0.161577
0.188114
0.130295
0.159015
0.203391
0.166093
0.190674
0.145193
0.179141
0.203828
0.172397
0.176167
0.122371
0.148496
0.191237
0.356040
0.352530
0.390705
0.297970
0.324407
0.262807
0.280207
0.374887
0.276663
0.337359
0.290450
0.326624
0.372885
0.284863
0.345166
0.441307
0.608089
0.533563
0.603048
0.300796
0.427140
0.559218
0.475492
0.550484
0.246134
0.423519
0.584754
0.482884
0.588665
0.178692
0.325577
0.417236
0.244130
0.124540
0.221503
0.274969
0.266103
0.294896
0.108737
0.187922
0.219061
0.197899
0.277157
0.144558
0.225201
0.295779
0.296579
0.327718
0.246049
0.341851
0.390057
0.462601
0.391035
0.434547
0.463617
0.588408
0.502419
0.457142
0.495081
0.519422
0.633264
0.507909
0.478424
0.496733
0.423266
0.579709
0.308958
0.392313
0.321465
0.326372
0.397822
0.296927
0.298723
0.357255
0.271405
0.320760
0.257443
0.374478
0.373930
0.295250
0.352379
0.225342
0.372824
0.339356
0.267545
0.378444
0.202262
0.368173
0.380325
0.283389
0.443128
0.705227
0.486163
0.471331
0.452689
0.383816
0.455059
0.482383
0.417199
0.335485
0.328036
0.228161
0.367672
0.554851
0.344314
0.364634
0.317473
0.440486
0.638570
0.317366
0.261874
0.241904
0.333165
0.517289
0.199028
0.392434
0.226441
0.279307
0.293813
0.258150
0.337683
0.213685
0.206947
0.242422
0.259056
0.355061
0.205531
0.256239
0.266134
0.431136
0.396480
0.426063
0.385351
0.299257
0.516015
0.507932
0.523210
0.472350
0.364619
0.474596
0.453999
0.487947
0.398086
0.305930
0.313237
0.324375
0.258728
0.195533
0.201230
0.300031
0.314784
0.235817
0.166443
0.173108
0.297452
0.297307
0.262166
0.171895
0.174592
0.264330
0.506506
0.153925
0.263604
0.255705
0.314059
0.563703
0.193497
0.337706
0.318281
0.395996
0.610176
0.260850
0.395662
0.318163
0.402015
0.314987
0.270969
0.389672
0.489213
0.440405
0.265178
0.431145
0.469891
0.351150
0.304187
0.405961
0.312594
0.224956
0.310044
0.284311
0.172441
0.275759
0.241854
0.241436
0.290160
0.170158
0.341475
0.290063
0.279484
0.311960
0.171724
0.486992
0.531362
0.369870
0.350631
0.478376
0.476899
0.578686
0.440908
0.415727
0.553696
0.408386
0.457381
0.318410
0.277159
0.382441
0.168400
0.158516
0.137336
0.340233
0.316995
0.294399
0.388347
0.392265
0.299738
0.300895
0.282775
0.365536
0.374163
0.331853
0.267657
0.251298
0.351630
0.350131
0.278676
0.272010
0.132799
0.289715
0.260701
0.223784
0.247826
0.256038
0.141576
0.498953
0.489212
0.443899
0.444658
0.407771
0.552745
0.495907
0.385310
0.330751
0.306102
0.555256
0.479663
0.383140
0.342653
0.363993
0.349607
0.336608
0.323145
0.278512
0.176002
0.279623
0.250116
0.269904
0.201889
0.137273
0.353851
0.331860
0.350254
0.310070
0.172262
0.370537
0.439191
0.332223
0.324585
0.440573
0.510841
0.346629
0.376247
0.438445
0.504334
0.362450
0.380609
0.344813
0.412876
0.368405
0.451649
0.467445
0.430330
0.370530
0.391481
0.390919
0.652556
0.701635
0.653388
0.567083
0.593538
0.506321
0.626435
0.631650
0.567528
0.397089
0.366463
0.427032
0.267709
0.297722
0.530059
0.539013
0.546255
0.395844
0.411991
0.537547
0.482071
0.485732
0.377953
0.380386
0.095337
0.244503
0.318482
0.136319
0.225027
0.324413
0.154014
0.235815
0.328325
0.365715
0.330931
0.414527
0.397717
0.349359
0.357343
0.327913
0.388302
0.356855
0.335918
0.363296
0.337429
0.378416
0.363083
0.338207
0.239872
0.360693
0.294169
0.381095
0.301572
0.274869
0.314958
0.294008
0.346680
0.370274
0.402266
0.388562
0.478615
0.561738
0.480650
0.475648
0.349760
0.523904
0.607213
0.568351
0.531119
0.413065
0.539926
0.625296
0.570989
0.556235
0.398069
0.373695
0.296119
0.221540
0.282125
0.207519
0.192302
0.371202
0.309429
0.268017
0.372145
0.585520
0.462158
0.473409
0.432114
0.420705
0.644506
0.495229
0.508657
0.494430
0.418493
0.637955
0.492034
0.540745
0.490292
0.323914
0.301832
0.481751
0.266871
0.274021
0.330895
0.294940
0.457504
0.245561
0.284864
0.355595
0.330805
0.478498
0.294996
0.295238
0.376027
0.448352
0.250528
0.262141
0.332772
0.365502
0.437857
0.245497
0.258385
0.343066
0.385241
0.443857
0.270881
0.284570
0.362368
0.252517
0.293931
0.237056
0.217722
0.253561
0.260030
0.270725
0.216489
0.216446
0.239640
0.208635
0.195593
0.346585
0.448126
0.351220
0.401159
0.244221
0.304798
0.445457
0.482000
0.302593
0.407285
0.298354
0.342390
0.396413
0.408788
0.622394
0.439908
0.569724
0.373154
0.392930
0.588192
0.427387
0.510076
0.363300
0.405088
0.628585
0.379243
0.534829
0.152723
0.389398
0.211479
0.161673
0.231891
0.222066
0.426057
0.349207
0.246607
0.357977
0.194274
0.336602
0.325735
0.230363
0.206164
0.277481
0.315193
0.177053
0.180743
0.208193
0.335352
0.377793
0.180921
0.166589
0.206731
0.306271
0.322371
0.190827
0.167006
0.168211
0.466027
0.436427
0.490497
0.592412
0.380333
0.404936
0.500348
0.512084
0.382464
0.299486
0.435383
0.388063
0.152063
0.201820
0.133438
0.120970
0.106742
0.156968
0.194302
0.145648
0.118948
0.110997
0.211414
0.196746
0.152307
0.135581
0.127875
0.346356
0.279922
0.312978
0.350053
0.483363
0.346878
0.349752
0.322024
0.250998
0.436365
0.371144
0.370181
0.374695
0.366808
0.516015
0.468500
0.330283
0.362620
0.533134
0.374450
0.368734
0.444934
0.357498
0.346863
0.316403
0.315187
0.367238
0.312209
0.276035
0.344697
0.319342
0.348749
0.377782
0.340935
0.307698
0.276125
0.364501
0.326589
0.290323
0.481964
0.396565
0.390473
0.319482
0.327121
0.467180
0.364285
0.392592
0.305478
0.315915
0.441746
0.271281
0.324370
0.252793
0.246434
0.277941
0.260086
0.380096
0.115639
0.305086
0.322336
0.267261
0.398347
0.116885
0.277656
0.298080
0.245194
0.354567
0.142812
0.298429
0.234935
0.378723
0.292908
0.351297
0.390782
0.249497
0.342941
0.307779
0.322678
0.383400
0.244183
0.358663
0.307437
0.340698
0.359241
0.414336
0.415441
0.277611
0.302837
0.547037
0.479116
0.336439
0.398342
0.327921
0.304091
0.295521
0.304501
0.154098
0.251731
0.220553
0.313658
0.294488
0.117726
0.221795
0.166444
0.257595
0.249812
0.138602
0.294358
0.201521
0.303611
0.330637
0.162734
0.218700
0.254928
0.267985
0.238371
0.254474
0.299751
0.349007
0.319137
0.260617
0.251197
0.290352
0.378373
0.341763
0.253592
0.556548
0.454281
0.587338
0.494509
0.402975
0.621443
0.515761
0.682538
0.516384
0.446725
0.585979
0.473624
0.621615
0.529892
0.417939
0.552515
0.514223
0.488631
0.437175
0.320430
0.449501
0.460751
0.344947
0.341411
0.225663
0.588835
0.563520
0.541341
0.507049
0.350876
0.215322
0.247688
0.234627
0.139842
0.247346
0.251051
0.267235
0.261471
0.143871
0.279519
0.215253
0.237946
0.269850
0.158614
0.246588
0.249220
0.231355
0.245562
0.274122
0.165903
0.220521
0.312918
0.311296
0.270931
0.205510
0.317239
0.230679
0.232610
0.287472
0.180493
0.236730
0.266304
0.201050
0.286251
0.424331
0.424322
0.245587
0.279745
0.261432
0.347009
0.503385
0.221643
0.256973
0.246359
0.304068
0.479785
0.264772
0.304002
0.496043
0.324824
0.425922
0.278690
0.388860
0.609465
0.360320
0.502137
0.310531
0.397502
0.567491
0.298498
0.449794
0.280672
0.336225
0.558421
0.543178
0.601859
0.558014
0.535228
0.414197
0.409493
0.521244
0.483674
0.471668
0.521891
0.505704
0.548960
0.501443
0.503247
0.222140
0.309875
0.287087
0.261150
0.294834
0.204508
0.264012
0.231674
0.262576
0.281437
0.222510
0.274644
0.256665
0.325440
0.321121
0.285079
0.350901
0.341348
0.384902
0.391772
0.343783
0.296035
0.403816
0.238760
0.294241
0.372637
0.317249
0.385352
0.253105
0.334967
0.311747
0.308685
0.352805
0.280959
0.219979
0.238268
0.193534
0.116915
0.218493
0.187703
0.158382
