04728	0.320830
04728	0.455938
04728	0.274483
04728	0.268393
04728	0.331449
04728	0.523214
04728	0.314401
04728	0.277060
04728	0.337903
04728	0.487699
04728	0.327228
04728	0.297766
04239	0.462281
04239	0.543561
04239	0.519043
04239	0.488347
04239	0.464694
04239	0.486402
04239	0.506269
04239	0.504629
04239	0.448616
04779	0.406299
04779	0.376005
04779	0.372106
04779	0.403447
04779	0.444713
04779	0.384700
04779	0.451142
04779	0.399512
04779	0.381387
04779	0.348669
04779	0.357817
04779	0.379023
04203	0.215936
04203	0.428608
04203	0.331264
04203	0.337708
04203	0.463968
04203	0.243432
04203	0.393151
04203	0.306881
04203	0.320963
04203	0.407681
04203	0.285236
04203	0.440737
04203	0.377704
04203	0.327654
04203	0.410726
04931	0.236099
04931	0.218953
04931	0.277851
04931	0.239235
04931	0.208268
04931	0.315162
04702	0.512838
04702	0.593814
04702	0.697351
04702	0.487322
04702	0.595147
04702	0.471816
04702	0.564513
04702	0.657131
04702	0.337266
04702	0.396750
04702	0.604396
04702	0.472122
04702	0.674342
04702	0.347096
04702	0.378546
04509	0.536793
04509	0.565638
04509	0.535106
04509	0.616676
04509	0.516748
04509	0.499764
04509	0.523072
04509	0.561779
04509	0.503567
04509	0.445715
04509	0.512784
04509	0.514551
04916	0.305750
04916	0.483572
04916	0.486615
04916	0.556124
04916	0.506607
04916	0.349063
04916	0.466941
04916	0.592335
04916	0.556251
04916	0.505899
04916	0.358078
04916	0.524154
04916	0.516633
04916	0.641646
04916	0.505707
04916	0.333973
04916	0.431613
04916	0.563865
04916	0.510104
04916	0.467453
04839	0.469294
04839	0.467098
04839	0.527070
04839	0.492732
04839	0.485285
04839	0.536811
04839	0.495924
04839	0.503464
04839	0.536941
04645	0.353551
04645	0.266745
04645	0.307933
04645	0.202329
04645	0.239858
04645	0.422241
04645	0.398030
04645	0.371816
04645	0.278428
04645	0.334230
04645	0.369092
04645	0.351251
04645	0.337692
04645	0.260348
04645	0.281129
04217	0.423406
04217	0.349788
04217	0.324345
04217	0.605258
04217	0.354933
04217	0.421106
04217	0.343059
04217	0.324618
04217	0.566668
04217	0.313575
04217	0.361445
04217	0.365082
04217	0.260890
04217	0.578727
04217	0.347558
04724	0.413195
04724	0.551631
04724	0.468924
04724	0.436343
04724	0.456574
04724	0.384293
04724	0.481842
04724	0.434058
04724	0.451790
04724	0.436765
04724	0.361715
04724	0.429470
04724	0.452101
04724	0.485687
04724	0.389354
04829	0.373438
04829	0.453031
04829	0.467417
04829	0.338923
04829	0.389352
04829	0.463869
04829	0.502133
04829	0.333345
04829	0.423516
04829	0.504453
04829	0.529388
04829	0.379684
04379	0.531113
04379	0.548980
04379	0.430955
04379	0.478979
04379	0.509253
04379	0.571923
04379	0.606261
04379	0.528310
04379	0.484971
04379	0.518545
04379	0.532115
04379	0.696399
04379	0.445865
04379	0.542257
04379	0.543965
04682	0.390010
04682	0.302091
04682	0.555934
04682	0.282632
04682	0.245383
04682	0.430898
04682	0.388517
04682	0.618613
04682	0.394797
04682	0.372757
04682	0.551818
04682	0.516482
04682	0.658691
04682	0.591189
04682	0.502534
04756	0.416981
04756	0.449549
04756	0.440266
04756	0.348932
04756	0.419146
04470	0.442300
04470	0.592125
04470	0.417785
04470	0.592028
04470	0.430513
04470	0.478343
04470	0.676309
04470	0.465367
04470	0.677940
04470	0.464431
04470	0.500808
04470	0.643285
04470	0.435004
04470	0.661430
04470	0.457097
04711	0.505495
04711	0.348712
04711	0.372562
04711	0.331053
04711	0.284286
04711	0.410743
04711	0.347844
04711	0.367929
04711	0.316252
04711	0.288809
04711	0.407679
04711	0.326931
04711	0.375253
04711	0.328578
04711	0.267354
04425	0.325414
04425	0.227200
04425	0.312563
04425	0.377467
04425	0.306966
04425	0.367566
04425	0.354416
04425	0.356416
04425	0.373034
04539	0.462718
04539	0.555649
04539	0.492005
04539	0.407049
04539	0.543847
04539	0.426496
04539	0.566112
04539	0.506231
04539	0.398040
04539	0.581518
04539	0.530076
04539	0.544746
04539	0.493994
04539	0.416573
04539	0.572171
04629	0.371210
04629	0.307620
04629	0.349769
04629	0.305106
04629	0.409798
04629	0.394386
04629	0.305454
04629	0.372700
04629	0.366311
04629	0.364699
04629	0.426785
04629	0.294398
04629	0.378872
04629	0.344708
04629	0.427665
04840	0.587070
04840	0.441965
04840	0.518245
04840	0.540461
04840	0.345672
04840	0.436391
04840	0.493151
04840	0.473180
04840	0.406166
04887	0.449773
04887	0.409167
04887	0.317948
04887	0.355693
04887	0.395539
04887	0.408140
04887	0.338025
04887	0.395300
04887	0.403233
04887	0.435823
04887	0.281880
04887	0.371194
04714	0.252343
04714	0.241538
04714	0.259670
04714	0.339002
04714	0.244577
04714	0.223692
04714	0.245872
04714	0.256588
04714	0.330570
04714	0.256662
04714	0.314226
04714	0.333896
04714	0.351057
04714	0.413973
04714	0.292569
04456	0.672170
04456	0.742359
04456	0.616220
04456	0.629370
04456	0.731638
04456	0.584587
04456	0.689470
04456	0.543809
04456	0.544401
04456	0.625119
04456	0.653194
04456	0.756840
04456	0.578135
04456	0.618616
04456	0.737078
04488	0.323700
04488	0.399231
04488	0.347497
04488	0.289759
04488	0.346416
04488	0.246828
04488	0.329016
04488	0.396887
04488	0.310020
04382	0.623661
04382	0.584762
04382	0.550107
04382	0.502588
04382	0.703261
04382	0.597177
04382	0.555850
04382	0.522796
04382	0.517479
04382	0.734983
04382	0.657603
04382	0.610600
04382	0.634518
04382	0.457624
04382	0.604426
04477	0.385453
04477	0.456926
04477	0.434023
04477	0.331642
04477	0.373377
04477	0.381500
04477	0.332503
04477	0.326087
04477	0.307691
04442	0.367149
04442	0.493211
04442	0.368600
04442	0.459157
04442	0.485493
04442	0.303278
04442	0.464564
04442	0.383631
04442	0.611526
04442	0.625815
04442	0.324956
04442	0.439961
04442	0.361270
04442	0.544538
04442	0.520448
04529	0.430560
04529	0.329595
04529	0.396682
04855	0.362452
04855	0.411032
04855	0.285480
04855	0.340371
04855	0.274934
04855	0.326299
04855	0.471221
04855	0.397777
04855	0.449043
04855	0.398007
04855	0.273369
04855	0.404949
04855	0.326401
04855	0.389436
04855	0.371338
04533	0.374356
04533	0.367105
04533	0.318480
04533	0.366906
04533	0.459299
04533	0.389073
04533	0.324434
04533	0.381725
04533	0.440834
04533	0.394472
04533	0.231780
04533	0.336402
04221	0.414657
04221	0.381000
04221	0.379952
04221	0.479599
04221	0.549494
04221	0.434861
04221	0.355607
04221	0.384924
04221	0.534120
04221	0.574784
04221	0.435292
04221	0.379348
04221	0.391499
04221	0.444013
04221	0.543036
04817	0.168791
04817	0.161422
04817	0.362652
04597	0.507556
04597	0.446781
04597	0.345535
04597	0.482582
04597	0.514793
04597	0.537222
04597	0.473637
04597	0.423079
04597	0.525119
04597	0.538308
04597	0.475107
04597	0.417299
04597	0.396436
04597	0.480797
04597	0.556149
04647	0.225644
04647	0.395279
04647	0.287590
04647	0.333126
04647	0.369111
04647	0.358713
04647	0.291173
04647	0.326301
04647	0.347132
04647	0.380946
04647	0.297811
04647	0.378005
04688	0.543196
04688	0.582544
04688	0.422002
04688	0.479527
04688	0.412652
04688	0.598347
04688	0.621265
04688	0.505774
04688	0.539675
04688	0.440551
04748	0.393821
04748	0.328064
04748	0.455973
04748	0.423632
04748	0.365827
04748	0.374217
04748	0.367566
04748	0.420983
04748	0.387603
04748	0.454731
04748	0.462140
04748	0.388722
04748	0.543850
04748	0.481323
04748	0.487854
04784	0.697687
04784	0.664350
04784	0.637273
04784	0.695022
04784	0.589707
04784	0.805683
04784	0.699445
04784	0.763012
04784	0.744404
04784	0.693289
04784	0.659713
04784	0.649742
04784	0.582046
04784	0.680203
04784	0.528911
04651	0.539731
04651	0.339047
04651	0.370067
04651	0.546479
04651	0.487155
04651	0.490991
04651	0.629081
04651	0.416431
04651	0.426903
04764	0.451616
04764	0.535534
04764	0.297071
04764	0.346203
04764	0.466613
04764	0.560341
04764	0.324261
04764	0.382060
04764	0.399846
04764	0.524119
04764	0.315064
04764	0.364319
04512	0.615170
04512	0.541544
04512	0.507109
04512	0.486663
04512	0.459693
04512	0.585304
04512	0.549913
04512	0.462621
04512	0.417695
04512	0.485883
04512	0.599401
04512	0.626479
04512	0.503974
04512	0.472454
04512	0.504547
04689	0.510062
04689	0.387290
04689	0.411800
04689	0.534967
04689	0.538875
04689	0.446408
04689	0.490681
04689	0.458644
04689	0.533142
04689	0.497732
04689	0.492787
04689	0.437976
04689	0.450713
04689	0.444348
04689	0.456373
04312	0.406291
04312	0.385263
04312	0.368116
04312	0.307543
04312	0.323163
04312	0.310658
04312	0.383645
04312	0.367012
04312	0.394494
04794	0.421058
04794	0.522120
04794	0.568741
04794	0.409882
04794	0.385722
04794	0.440590
04794	0.460563
04794	0.308154
04794	0.450996
04794	0.488651
04794	0.518155
04794	0.306295
04726	0.344245
04726	0.313248
04726	0.377292
04726	0.357873
04726	0.376381
04726	0.424272
04726	0.377033
04726	0.403263
04726	0.383268
04726	0.435157
04726	0.431197
04726	0.403154
04726	0.366884
04726	0.399651
04726	0.414653
04447	0.517629
04447	0.438169
04447	0.513032
04447	0.580652
04447	0.519609
04447	0.517485
04447	0.418130
04447	0.488183
04447	0.545406
04447	0.486575
04447	0.487814
04447	0.420725
04447	0.490398
04447	0.556981
04447	0.513197
04350	0.474932
04350	0.449696
04350	0.390329
04350	0.434089
04350	0.491513
04350	0.479942
04350	0.389862
04350	0.424289
04350	0.503999
04350	0.468534
04350	0.388084
04350	0.444234
04580	0.345523
04580	0.450038
04580	0.363780
04580	0.351388
04580	0.381537
04580	0.332500
04580	0.384567
04580	0.341547
04580	0.319787
04580	0.349756
04580	0.308765
04580	0.418927
04580	0.345725
04580	0.371029
04580	0.317800
04681	0.343492
04681	0.362408
04681	0.351421
04681	0.445577
04681	0.427480
04681	0.358005
04681	0.346012
04681	0.326523
04681	0.407378
04681	0.411754
04681	0.357421
04681	0.360370
04681	0.350187
04681	0.443011
04681	0.419045
04461	0.326494
04461	0.363439
04461	0.410098
04461	0.325263
04461	0.374871
04461	0.388019
04461	0.330011
04461	0.412270
04461	0.336765
04461	0.411238
04461	0.431478
04461	0.381077
04461	0.340384
04461	0.377733
04461	0.374951
04641	0.675954
04641	0.465968
04641	0.618759
04641	0.522414
04641	0.603093
04641	0.650525
04641	0.477171
04641	0.582414
04641	0.525757
04641	0.602461
04641	0.677675
04641	0.486542
04641	0.576340
04641	0.557538
04641	0.595365
04578	0.404188
04578	0.330416
04578	0.515879
04578	0.520390
04578	0.348157
04578	0.290962
04578	0.443341
04578	0.443872
04578	0.298312
04578	0.272752
04578	0.480310
04578	0.448105
04727	0.437215
04727	0.487883
04727	0.537751
04727	0.485150
04727	0.518037
04727	0.518817
04727	0.472666
04727	0.538784
04727	0.495281
04727	0.539732
04727	0.502036
04727	0.386026
04727	0.461829
04727	0.441738
04727	0.502967
04213	0.642700
04213	0.519698
04213	0.480110
04213	0.554847
04213	0.413438
04213	0.363928
04213	0.665301
04213	0.429697
04213	0.426285
04481	0.411004
04481	0.507274
04481	0.438829
04481	0.468037
04481	0.440367
04481	0.410115
04481	0.432616
04481	0.434151
04481	0.442438
04481	0.357899
04481	0.413667
04481	0.489629
04481	0.443590
04481	0.460267
04481	0.386122
04866	0.380249
04866	0.351943
04866	0.427496
04866	0.404223
04866	0.416895
04866	0.376979
04866	0.414174
04866	0.428124
04866	0.455937
04866	0.443283
04866	0.417301
04866	0.455672
04437	0.282603
04437	0.346117
04437	0.349608
04437	0.346567
04437	0.122839
04437	0.379083
04437	0.485080
04437	0.365561
04437	0.391807
04437	0.158901
04385	0.404116
04385	0.354954
04385	0.441293
04385	0.473477
04385	0.429830
04385	0.455031
04385	0.463992
04385	0.518483
04385	0.593483
04385	0.539814
04331	0.364923
04331	0.347838
04331	0.464118
04331	0.568892
04331	0.359494
04331	0.380691
04331	0.598426
04331	0.439791
04331	0.491062
04397	0.381836
04397	0.527861
04397	0.297390
04397	0.383969
04397	0.313230
04397	0.372492
04397	0.478787
04397	0.283292
04397	0.262731
04397	0.267829
04397	0.388293
04397	0.527425
04397	0.314987
04397	0.338607
04397	0.283443
04650	0.471481
04650	0.543752
04650	0.422635
04650	0.455092
04650	0.424714
04650	0.457603
04650	0.543541
04650	0.433460
04650	0.411479
04650	0.470270
04650	0.458292
04650	0.557425
04650	0.438125
04650	0.464469
04650	0.452489
04273	0.601170
04273	0.590100
04273	0.652348
04273	0.541681
04273	0.476249
04273	0.561499
04273	0.545637
04273	0.577236
04273	0.503009
04273	0.399258
04273	0.593678
04273	0.544680
04273	0.515004
04273	0.438042
04273	0.396057
04746	0.405501
04746	0.365022
04746	0.375479
04746	0.387885
04746	0.526487
04746	0.421744
04746	0.325985
04746	0.356775
04746	0.343160
04746	0.525054
04746	0.463134
04746	0.369737
04746	0.364663
04746	0.359558
04746	0.521392
04233	0.438857
04233	0.511694
04233	0.424956
04233	0.328604
04233	0.402909
04233	0.512207
04233	0.533733
04233	0.468331
04233	0.425214
04233	0.453034
04233	0.493325
04233	0.602290
04233	0.449264
04233	0.377048
04233	0.419129
04522	0.307353
04522	0.330735
04522	0.411195
04522	0.277473
04522	0.298784
04522	0.392955
04522	0.434504
04522	0.482158
04522	0.316488
04522	0.375293
04522	0.344932
04522	0.385255
04522	0.462602
04522	0.272542
04522	0.313601
04849	0.420581
04849	0.452207
04849	0.408476
04849	0.411274
04849	0.379035
04849	0.388397
04849	0.324431
04849	0.383920
04849	0.411898
04849	0.408812
04849	0.366793
04849	0.415006
04410	0.388919
04410	0.527716
04410	0.711624
04410	0.375245
04410	0.557120
04410	0.687079
04410	0.396928
04410	0.564048
04410	0.687761
04428	0.436604
04428	0.417019
04428	0.349888
04428	0.346940
04428	0.402920
04428	0.432097
04428	0.389663
04428	0.340547
04428	0.322866
04428	0.414911
04428	0.338504
04428	0.306163
04428	0.294993
04428	0.274693
04428	0.293643
04531	0.405261
04531	0.438543
04531	0.341180
04531	0.436485
04531	0.412178
04531	0.417966
04531	0.456561
04531	0.388992
04531	0.413268
04531	0.413606
04531	0.433544
04531	0.452460
04531	0.338407
04531	0.395799
04531	0.315996
04703	0.354078
04703	0.433101
04703	0.324297
04703	0.319151
04703	0.363814
04703	0.448453
04703	0.315399
04703	0.278310
04703	0.429174
04703	0.500888
04703	0.381122
04703	0.346105
04436	0.360904
04436	0.609933
04436	0.460573
04436	0.442559
04436	0.413325
04436	0.357657
04436	0.562347
04436	0.384447
04436	0.401676
04436	0.369785
04436	0.342613
04436	0.576361
04436	0.397401
04436	0.384399
04436	0.339143
04556	0.599638
04556	0.617180
04556	0.550344
04556	0.360544
04556	0.472202
04556	0.565319
04556	0.602405
04556	0.567098
04556	0.370623
04556	0.447383
04556	0.556258
04556	0.574875
04556	0.560852
04556	0.344606
04556	0.427132
04471	0.369634
04471	0.432233
04471	0.412514
04471	0.541450
04471	0.448695
04471	0.363993
04471	0.426653
04471	0.406341
04471	0.497909
04471	0.414543
04471	0.283709
04471	0.377956
04471	0.378503
04471	0.481690
04471	0.414207
04768	0.527759
04768	0.549287
04768	0.576395
04768	0.617944
04768	0.567532
04768	0.477221
04768	0.545491
04768	0.533398
04768	0.569075
04768	0.528127
04768	0.537383
04768	0.567871
04768	0.561511
04768	0.549338
04768	0.527372
04687	0.485530
04687	0.327861
04687	0.348514
04687	0.497259
04687	0.319291
04687	0.382141
04745	0.289166
04745	0.338717
04745	0.344934
04745	0.337317
04745	0.451060
04745	0.305157
04745	0.333648
04745	0.314451
04745	0.355830
04745	0.485537
04745	0.295648
04745	0.347590
04745	0.365147
04745	0.377071
04745	0.447603
04656	0.384648
04656	0.396980
04656	0.294697
04656	0.326995
04656	0.339659
04656	0.377081
04656	0.274472
04656	0.272992
04656	0.418728
04656	0.464352
04656	0.346355
04656	0.347909
04884	0.555540
04884	0.562977
04884	0.448680
04884	0.582069
04884	0.291975
04884	0.570570
04884	0.578915
04884	0.433656
04884	0.533401
04884	0.415274
04884	0.560658
04884	0.546126
04884	0.465870
04884	0.538565
04884	0.449960
04822	0.386714
04822	0.399219
04822	0.306206
04822	0.391587
04822	0.403648
04822	0.314363
04822	0.392824
04822	0.311838
04822	0.320837
04822	0.369233
04822	0.368074
04822	0.347805
04822	0.284497
04822	0.366242
04822	0.371133
04316	0.231980
04316	0.355803
04316	0.455146
04316	0.474781
04316	0.526484
04316	0.250508
04316	0.379624
04316	0.433268
04316	0.460565
04316	0.502110
04316	0.251793
04316	0.353181
04316	0.403738
04316	0.429679
04316	0.475687
04572	0.263349
04572	0.293248
04572	0.331557
04572	0.409322
04572	0.411686
04921	0.418990
04921	0.434618
04921	0.527838
04921	0.440815
04921	0.434049
04921	0.455851
04921	0.496935
04921	0.427741
04921	0.388562
04921	0.413089
04921	0.483663
04921	0.369643
04921	0.412660
04921	0.474137
04921	0.572362
04921	0.479914
04603	0.347156
04603	0.389745
04603	0.470667
04603	0.393644
04603	0.329740
04603	0.332511
04603	0.435346
04603	0.381223
04603	0.310794
04603	0.308709
04603	0.397143
04603	0.354509
04856	0.450489
04856	0.598580
04856	0.601228
04856	0.445885
04856	0.459891
04856	0.335804
04856	0.578544
04856	0.501609
04856	0.472577
04856	0.384337
04856	0.429241
04856	0.577528
04856	0.457192
04856	0.448226
04856	0.337828
04508	0.467391
04508	0.419780
04508	0.438259
04508	0.436717
04508	0.362082
04508	0.518009
04508	0.415522
04508	0.436878
04508	0.443735
04508	0.333369
04508	0.464529
04508	0.404621
04508	0.430340
04508	0.393478
04508	0.336337
04479	0.514713
04479	0.451686
04479	0.480843
04479	0.415070
04479	0.467233
04479	0.510278
04479	0.459179
04479	0.435915
04479	0.457637
04479	0.485332
04479	0.553721
04479	0.514324
04479	0.502537
04479	0.427446
04479	0.496803
04297	0.517517
04297	0.482761
04297	0.421409
04297	0.571737
04297	0.669341
04297	0.508944
04297	0.440621
04297	0.423521
04297	0.602619
04297	0.660136
04297	0.530859
04297	0.453347
04297	0.483549
04297	0.653635
04297	0.684096
04857	0.354151
04857	0.436462
04857	0.341083
04857	0.328658
04857	0.373584
04857	0.431408
04857	0.298606
04857	0.359585
04857	0.345033
04857	0.426052
04857	0.307986
04857	0.308441
04795	0.530028
04795	0.514067
04795	0.369093
04324	0.429193
04324	0.470338
04324	0.388906
04324	0.385019
04324	0.495281
04324	0.492578
04324	0.420952
04324	0.380032
04324	0.492356
04324	0.530092
04324	0.460663
04324	0.361325
04719	0.574478
04719	0.414165
04719	0.442235
04719	0.555815
04719	0.488523
04719	0.574329
04719	0.491741
04719	0.439545
04719	0.546155
04719	0.505448
04719	0.520832
04719	0.372318
04719	0.358308
04719	0.507472
04719	0.412546
04376	0.537396
04376	0.358687
04376	0.439640
04376	0.417859
04376	0.399904
04376	0.433600
04376	0.263735
04376	0.313478
04376	0.370144
04376	0.389852
04376	0.465818
04376	0.330001
04376	0.385103
04376	0.379492
04376	0.373900
04311	0.623132
04311	0.597895
04311	0.622108
04311	0.530901
04311	0.525977
04311	0.575271
04311	0.666208
04311	0.579579
04311	0.506104
04311	0.546284
04311	0.552702
04311	0.587411
04311	0.559881
04311	0.479753
04311	0.510715
04612	0.399577
04612	0.390658
04612	0.408344
04568	0.375836
04568	0.460796
04568	0.361012
04568	0.389921
04568	0.525271
04568	0.409553
04568	0.517456
04568	0.409060
04568	0.408744
04568	0.502499
04568	0.525183
04568	0.573782
04568	0.536777
04568	0.511990
04568	0.543916
04693	0.537891
04693	0.391853
04693	0.462005
04693	0.424765
04693	0.568670
04693	0.478157
04693	0.537938
04693	0.505621
04693	0.558027
04693	0.429304
04693	0.487240
04693	0.517806
04868	0.330411
04868	0.313438
04868	0.305343
04868	0.458356
04868	0.360112
04868	0.345233
04868	0.320293
04868	0.470883
04868	0.359262
04868	0.363824
04868	0.300552
04868	0.459138
04282	0.216965
04282	0.256444
04282	0.210273
04282	0.211327
04282	0.271904
04282	0.107718
04670	0.478155
04670	0.400324
04670	0.415850
04670	0.362673
04670	0.401571
04670	0.479047
04670	0.435950
04670	0.458962
04670	0.380826
04670	0.254314
04670	0.459616
04670	0.380728
04670	0.420565
04670	0.327808
04670	0.304672
04212	0.521915
04212	0.484122
04212	0.636916
04212	0.546636
04212	0.493153
04212	0.430175
04212	0.561210
04212	0.446243
04212	0.475030
04212	0.427766
04212	0.599264
04212	0.458378
04774	0.352590
04774	0.426184
04774	0.492244
04774	0.289560
04774	0.347267
04774	0.405390
04774	0.259816
04774	0.322847
04774	0.389802
04368	0.368302
04368	0.430572
04368	0.449506
04368	0.472589
04368	0.543329
04368	0.559143
04368	0.336955
04368	0.369806
04368	0.378108
04502	0.546029
04502	0.501820
04502	0.616862
04502	0.606232
04502	0.603620
04502	0.511002
04502	0.738240
04502	0.735965
04502	0.572169
04502	0.578795
04502	0.684624
04502	0.651073
04549	0.251505
04549	0.213643
04549	0.448677
04549	0.279138
04549	0.365837
04549	0.413656
04549	0.235549
04549	0.286680
04549	0.426675
04929	0.384348
04929	0.306860
04929	0.341240
04929	0.282855
04929	0.423243
04929	0.277346
04929	0.298087
04929	0.327252
04929	0.452966
04929	0.370549
04929	0.371801
04929	0.336803
04929	0.436415
04929	0.374509
04929	0.381682
04929	0.314498
04782	0.495368
04782	0.433590
04782	0.451753
04782	0.432114
04735	0.558528
04735	0.483453
04735	0.461594
04735	0.484496
04735	0.429402
04735	0.524288
04735	0.486113
04735	0.452594
04735	0.482970
04735	0.399870
04735	0.490247
04735	0.400685
04735	0.400845
04735	0.376709
04735	0.356895
04600	0.257482
04600	0.288339
04600	0.313769
04600	0.175479
04600	0.241573
04600	0.259133
04600	0.337036
04600	0.353511
04600	0.236962
04600	0.267155
04600	0.251694
04600	0.314900
04600	0.332151
04600	0.196386
04600	0.248814
04684	0.398797
04684	0.544402
04684	0.463374
04684	0.514416
04684	0.637170
04684	0.413511
04684	0.543821
04684	0.540145
04684	0.444552
04684	0.605337
04684	0.443303
04684	0.583860
04684	0.561937
04684	0.503979
04684	0.568676
04386	0.483709
04386	0.443038
04386	0.294468
04386	0.373018
04386	0.540181
04386	0.449843
04386	0.396204
04386	0.410248
04386	0.526632
04386	0.542007
04386	0.375853
04386	0.458647
04796	0.386065
04796	0.433727
04796	0.508081
04796	0.421982
04796	0.449639
04796	0.368898
04796	0.481913
04796	0.512094
04796	0.469073
04796	0.484758
04796	0.400152
04796	0.503093
04796	0.538508
04796	0.515009
04796	0.521917
04832	0.340064
04832	0.351842
04832	0.323718
04832	0.398511
04832	0.443841
04832	0.444464
04832	0.435167
04832	0.429091
04832	0.490667
04832	0.581545
04832	0.377193
04832	0.325096
04832	0.333506
04832	0.439993
04832	0.497701
04553	0.424255
04553	0.516219
04553	0.420982
04553	0.384618
04553	0.481286
04553	0.331908
04553	0.358044
04553	0.474605
04553	0.329754
04889	0.465014
04889	0.515151
04889	0.368899
04889	0.498607
04889	0.489968
04889	0.364874
04889	0.510134
04889	0.558173
04889	0.377672
04561	0.517542
04561	0.464269
04561	0.369306
04561	0.328267
04561	0.382390
04561	0.522285
04561	0.485430
04561	0.364537
04561	0.363375
04561	0.406315
04561	0.562841
04561	0.477305
04561	0.397246
04561	0.342850
04561	0.462679
04792	0.421280
04792	0.374521
04792	0.313948
04792	0.321068
04792	0.341941
04792	0.406993
04792	0.323359
04792	0.292294
04792	0.334105
04792	0.316447
04792	0.386167
04792	0.382255
04792	0.358209
04792	0.327868
04792	0.313850
04535	0.426013
04535	0.349031
04535	0.294542
04535	0.452398
04535	0.385909
04535	0.375645
04535	0.374730
04535	0.397660
04535	0.371641
04765	0.374676
04765	0.476985
04765	0.422790
04765	0.408385
04765	0.443125
04765	0.422389
04765	0.384996
04765	0.342633
04765	0.326243
04765	0.502679
04765	0.393394
04765	0.392075
04765	0.344924
04765	0.333940
04765	0.509214
04615	0.582889
04615	0.603690
04615	0.569038
04615	0.548251
04615	0.507103
04615	0.550076
04615	0.584856
04615	0.546090
04615	0.439946
04615	0.488063
04615	0.612465
04615	0.616289
04615	0.610881
04615	0.555599
04615	0.508255
04675	0.421601
04675	0.408462
04675	0.375685
04675	0.342872
04675	0.349615
04675	0.391869
04675	0.386410
04675	0.358840
04675	0.378488
04675	0.360392
04675	0.483869
04675	0.464832
04675	0.429485
04675	0.378676
04675	0.368881
04886	0.217331
04886	0.197912
04886	0.341543
04460	0.546788
04460	0.398696
04460	0.457981
04460	0.468044
04460	0.615789
04460	0.528449
04460	0.464537
04460	0.413748
04460	0.416040
04460	0.533369
04460	0.493865
04460	0.436247
04460	0.421153
04460	0.468221
04460	0.609535
04334	0.319254
04334	0.235146
04334	0.264886
04334	0.316608
04334	0.308657
04334	0.336353
04334	0.276653
04334	0.278011
04334	0.334570
04334	0.314983
04334	0.333214
04334	0.317097
04334	0.277533
04334	0.396042
04334	0.311324
04323	0.409889
04323	0.494000
04323	0.412522
04323	0.404507
04323	0.464819
04323	0.416818
04323	0.383393
04323	0.484936
04323	0.446485
04395	0.488426
04395	0.467601
04395	0.417718
04395	0.484424
04395	0.408838
04395	0.464139
04395	0.284784
04395	0.396048
04395	0.498784
04395	0.444132
04395	0.312168
04395	0.431134
04633	0.389614
04633	0.402826
04633	0.428875
04633	0.436866
04633	0.388108
04633	0.355009
04633	0.346793
04633	0.394130
04633	0.346667
04633	0.280724
04633	0.384046
04633	0.374997
04633	0.392661
04633	0.443626
04633	0.356309
04882	0.422987
04882	0.447572
04882	0.242556
04882	0.283383
04882	0.405642
04882	0.365512
04882	0.257234
04882	0.311249
04882	0.362032
04882	0.415166
04882	0.222278
04882	0.284189
04505	0.400525
04505	0.414876
04505	0.427813
04505	0.399780
04505	0.351252
04505	0.449880
04505	0.450079
04505	0.439747
04505	0.392218
04505	0.441527
04505	0.378657
04505	0.439884
04505	0.377357
04505	0.408890
04505	0.406557
04662	0.530285
04662	0.539323
04662	0.553438
04662	0.586726
04662	0.554581
04662	0.560233
04662	0.541419
04662	0.533339
04662	0.616388
04662	0.573000
04662	0.587425
04662	0.595243
04662	0.618513
04662	0.685360
04662	0.585056
04609	0.362221
04609	0.371619
04609	0.406116
04609	0.479481
04609	0.368987
04609	0.399748
04609	0.461228
04609	0.489213
04609	0.415775
04609	0.409177
04609	0.489133
04609	0.570619
04900	0.320686
04900	0.408072
04900	0.392497
04900	0.339731
04900	0.432391
04900	0.350661
04900	0.438417
04900	0.380349
04900	0.351907
04900	0.477425
04900	0.346156
04900	0.428782
04900	0.384812
04900	0.343053
04900	0.448420
04274	0.364737
04274	0.455946
04274	0.423012
04274	0.424494
04274	0.415623
04274	0.238650
04274	0.432576
04274	0.393260
04274	0.340757
04274	0.335265
04274	0.383862
04274	0.463714
04274	0.450777
04274	0.435831
04274	0.407923
04697	0.391161
04697	0.521049
04697	0.434158
04697	0.384173
04697	0.433831
04697	0.507564
04697	0.586766
04697	0.495538
04697	0.356771
04697	0.438069
04697	0.432592
04697	0.337486
04496	0.501466
04496	0.353789
04496	0.322976
04496	0.348994
04496	0.492565
04496	0.524257
04496	0.282536
04496	0.301966
04496	0.406828
04496	0.488537
04496	0.508573
04496	0.344405
04496	0.329097
04496	0.378220
04496	0.483614
04430	0.301548
04430	0.289606
04430	0.255520
04430	0.273018
04430	0.241577
04430	0.286485
04430	0.364078
04430	0.302417
04430	0.370232
04430	0.278078
04430	0.311851
04430	0.357841
04430	0.304982
04430	0.331158
04430	0.223640
04573	0.416631
04573	0.387407
04573	0.238592
04573	0.386923
04573	0.370657
04573	0.252237
04573	0.346352
04573	0.313815
04573	0.290339
04524	0.365958
04524	0.463093
04524	0.406454
04524	0.348707
04524	0.376774
04524	0.408467
04524	0.379569
04524	0.477403
04524	0.311285
04524	0.310444
04524	0.423670
04524	0.479536
04524	0.416707
04524	0.377258
04524	0.389655
04577	0.415742
04577	0.571372
04577	0.379684
04577	0.527566
04577	0.603682
04577	0.414626
04577	0.574682
04577	0.608691
04577	0.403031
04695	0.472608
04695	0.547265
04695	0.471187
04695	0.401351
04695	0.409958
04695	0.511389
04695	0.587881
04695	0.517046
04695	0.463104
04695	0.419659
04337	0.341557
04337	0.408326
04337	0.414216
04337	0.322344
04337	0.463033
04337	0.478274
04337	0.303703
04337	0.451664
04337	0.453718
04815	0.438919
04815	0.417622
04815	0.491439
04815	0.572501
04815	0.474056
04815	0.397505
04815	0.404117
04815	0.416745
04815	0.468319
04815	0.383367
04815	0.450306
04815	0.451854
04815	0.445455
04815	0.487837
04815	0.422342
04757	0.475515
04757	0.502581
04757	0.412358
04757	0.432466
04757	0.422076
04757	0.352132
04757	0.342762
04757	0.376609
04757	0.178258
04760	0.336328
04760	0.548053
04760	0.519263
04760	0.564545
04760	0.579941
04760	0.401136
04760	0.490908
04760	0.461033
04760	0.521708
04760	0.507008
04760	0.393080
04760	0.505249
04760	0.515908
04760	0.502745
04760	0.529128
04514	0.387037
04514	0.397172
04514	0.492020
04514	0.542158
04514	0.393289
04514	0.525243
04514	0.488819
04514	0.554938
04514	0.539127
04514	0.506129
04514	0.478135
04514	0.494247
04514	0.516548
04514	0.519433
04514	0.477515
04530	0.463006
04530	0.444085
04530	0.509602
04530	0.376992
04530	0.442836
04530	0.452920
04530	0.459530
04530	0.518684
04530	0.439726
04530	0.518509
04530	0.355363
04530	0.358135
04530	0.440030
04530	0.367790
04530	0.472188
04744	0.280950
04744	0.342575
04744	0.412738
04744	0.325803
04744	0.309967
04744	0.337028
04744	0.492123
04744	0.473883
04744	0.485661
04744	0.483913
04744	0.336933
04744	0.471583
04744	0.426776
04744	0.454520
04744	0.440396
04927	0.410137
04927	0.407975
04927	0.431067
04927	0.429189
04927	0.467628
04927	0.435769
04927	0.418890
04927	0.432473
04927	0.440916
04927	0.430356
04927	0.448125
04927	0.372690
04927	0.382040
04927	0.370440
04927	0.417750
04927	0.358605
04831	0.358244
04831	0.388256
04831	0.345873
04831	0.368165
04831	0.299818
04831	0.331018
04831	0.263559
04831	0.268271
04831	0.404110
04831	0.438603
04831	0.378409
04831	0.332376
04211	0.343636
04211	0.515734
04211	0.477374
04211	0.361851
04211	0.487134
04211	0.491261
04211	0.384042
04211	0.494217
04211	0.488521
04327	0.668459
04327	0.608161
04327	0.493583
04327	0.521817
04327	0.539900
04327	0.685214
04327	0.665953
04327	0.503043
04327	0.622104
04327	0.594555
04327	0.634142
04327	0.616342
04327	0.493544
04327	0.573785
04327	0.545378
04558	0.576524
04558	0.375133
04558	0.414269
04558	0.657833
04558	0.567973
04558	0.455733
04558	0.435849
04558	0.484304
04558	0.738471
04558	0.679562
04558	0.493175
04558	0.294075
04558	0.315092
04558	0.623219
04558	0.523270
04811	0.417562
04811	0.435988
04811	0.560800
04811	0.354659
04811	0.335830
04811	0.377338
04811	0.424547
04811	0.554076
04811	0.362640
04811	0.316054
04811	0.423894
04811	0.421009
04811	0.524452
04811	0.394629
04811	0.345743
04878	0.431210
04878	0.481092
04878	0.389337
04878	0.364176
04878	0.672838
04878	0.383261
04878	0.456492
04878	0.413839
04878	0.400026
04878	0.623501
04878	0.440865
04878	0.494675
04878	0.460328
04878	0.413386
04878	0.588188
04718	0.529927
04718	0.415724
04718	0.459225
04718	0.319133
04718	0.528733
04718	0.430465
04718	0.419365
04718	0.460515
04718	0.383994
04718	0.400575
04718	0.524663
04718	0.409225
04718	0.455933
04718	0.338108
04718	0.465838
04635	0.497187
04635	0.600121
04635	0.534997
04635	0.582186
04635	0.503127
04635	0.648889
04635	0.571143
04635	0.625503
04635	0.560762
04635	0.654595
04635	0.502883
04635	0.559465
04890	0.310361
04890	0.397321
04890	0.352197
04890	0.382285
04890	0.434868
04890	0.296355
04890	0.405374
04890	0.386267
04890	0.381397
04890	0.436988
04890	0.371632
04890	0.449677
04890	0.382130
04890	0.359712
04890	0.397962
04696	0.352773
04696	0.408607
04696	0.316075
04696	0.393642
04696	0.484811
04696	0.513866
04696	0.527851
04696	0.417417
04696	0.393249
04696	0.457384
04696	0.333843
04696	0.347716
04696	0.349606
04696	0.424467
04696	0.447906
04201	0.676625
04201	0.632278
04201	0.670392
04201	0.581136
04201	0.617267
04201	0.528908
04201	0.459624
04201	0.456990
04201	0.534664
04201	0.591605
04201	0.597362
04201	0.494574
04201	0.518103
04201	0.575419
04201	0.643320
04813	0.474105
04813	0.515568
04813	0.531296
04813	0.502686
04813	0.366628
04813	0.410114
04813	0.439632
04813	0.300991
04813	0.385260
04813	0.393537
04813	0.418961
04813	0.361737
04387	0.408598
04387	0.360118
04387	0.307429
04387	0.287208
04387	0.349969
04387	0.381820
04387	0.373809
04387	0.287417
04387	0.258627
04387	0.344228
04387	0.341155
04387	0.416556
04387	0.290705
04387	0.309239
04387	0.343971
04265	0.529928
04265	0.469492
04265	0.499030
04265	0.427364
04265	0.745791
04265	0.667312
04265	0.474439
04265	0.366244
04265	0.596640
04265	0.477085
04265	0.440483
04265	0.333242
04814	0.328983
04814	0.277601
04814	0.352281
04814	0.277251
04814	0.417161
04814	0.397445
04814	0.424577
04814	0.368463
04814	0.313148
04814	0.343693
04814	0.386700
04814	0.349387
04434	0.357895
04434	0.397114
04434	0.333194
04434	0.340676
04434	0.358851
04434	0.343904
04434	0.324156
04434	0.380397
04434	0.332689
04871	0.304632
04871	0.321729
04871	0.450582
04871	0.327279
04871	0.352705
04871	0.304476
04871	0.267333
04871	0.390793
04871	0.322548
04871	0.358999
04871	0.287944
04871	0.277582
04871	0.440909
04871	0.343332
04871	0.372341
04309	0.417683
04309	0.437079
04309	0.362561
04309	0.454883
04309	0.307090
04309	0.466665
04309	0.464902
04309	0.387324
04309	0.506426
04309	0.305529
04309	0.446031
04309	0.471351
04309	0.430098
04309	0.528347
04309	0.399718
04542	0.612422
04542	0.547235
04542	0.765951
04542	0.482082
04542	0.575359
04542	0.557773
04542	0.592482
04542	0.630441
04542	0.547475
04542	0.613397
04542	0.637790
04542	0.608159
04542	0.723952
04542	0.486710
04542	0.565016
04343	0.418720
04343	0.457555
04343	0.407220
04343	0.420094
04343	0.641880
04343	0.337990
04343	0.484892
04343	0.448638
04343	0.392003
04343	0.593352
04343	0.435661
04343	0.450322
04343	0.404434
04343	0.417488
04343	0.594409
04610	0.463543
04610	0.535130
04610	0.453347
04610	0.453141
04610	0.489496
04610	0.469123
04610	0.429393
04610	0.513256
04610	0.384460
04288	0.392593
04288	0.441636
04288	0.370678
04288	0.438500
04288	0.354968
04288	0.378128
04288	0.384448
04288	0.456575
04288	0.293569
04288	0.319262
04288	0.325205
04288	0.351912
04351	0.467510
04351	0.547805
04351	0.452681
04351	0.403387
04351	0.479785
04351	0.545425
04351	0.485016
04351	0.362985
04351	0.493769
04351	0.500406
04351	0.435116
04351	0.294524
04361	0.364669
04361	0.345332
04361	0.429051
04361	0.508428
04361	0.363774
04361	0.385018
04361	0.525540
04361	0.368120
04361	0.390405
04361	0.391181
04361	0.521805
04361	0.430962
04691	0.340747
04691	0.417814
04691	0.314308
04691	0.398332
04691	0.461684
04691	0.359767
04691	0.398091
04691	0.459899
04691	0.333773
04676	0.387482
04676	0.498051
04676	0.517190
04676	0.406953
04676	0.504371
04676	0.518743
04676	0.400618
04676	0.497348
04676	0.513473
04928	0.598448
04928	0.668686
04928	0.578365
04928	0.508000
04928	0.406339
04928	0.512162
04928	0.582555
04928	0.650703
04928	0.517879
04928	0.407399
04928	0.560853
04928	0.607596
04928	0.585337
04928	0.526205
04928	0.427377
04928	0.583249
04928	0.616967
04928	0.668397
04928	0.589141
04928	0.478066
04394	1.017863
04394	0.449288
04394	0.538365
04394	0.901868
04394	0.471769
04394	0.515166
04394	0.968052
04394	0.425350
04394	0.506125
04846	0.538331
04846	0.417873
04846	0.487557
04846	0.583478
04846	0.515064
04846	0.508100
04846	0.394919
04846	0.491568
04846	0.515392
04846	0.424397
04846	0.525510
04846	0.405250
04846	0.548233
04846	0.592629
04846	0.475044
04444	0.305051
04444	0.314444
04444	0.373440
04444	0.338443
04444	0.302997
04444	0.378854
04444	0.355880
04444	0.299429
04444	0.365215
04444	0.335483
04444	0.326986
04444	0.369967
04444	0.311942
04444	0.353717
04444	0.323539
04506	0.488732
04506	0.562562
04506	0.569501
04506	0.498422
04506	0.535154
04506	0.565858
04506	0.594534
04506	0.577353
04506	0.584091
04506	0.625006
04506	0.500153
04506	0.532212
04506	0.537378
04506	0.495019
04506	0.558679
04463	0.572344
04463	0.592858
04463	0.538790
04463	0.568174
04463	0.459230
04463	0.475428
04463	0.499712
04463	0.470046
04463	0.610516
04463	0.424276
04463	0.474603
04463	0.439716
04463	0.418066
04463	0.596486
04463	0.353260
04914	0.455420
04914	0.364044
04914	0.389025
04914	0.446660
04914	0.503326
04914	0.474139
04914	0.353122
04914	0.413322
04914	0.433810
04914	0.497545
04914	0.469473
04914	0.402779
04914	0.415018
04914	0.506245
04914	0.545502
04914	0.499272
04914	0.398608
04914	0.455308
04914	0.490296
04914	0.559376
04519	0.360089
04519	0.521251
04519	0.465715
04519	0.389363
04519	0.421999
04519	0.424131
04519	0.406648
04519	0.357550
04519	0.429186
04519	0.435284
04519	0.417807
04519	0.350680
04338	0.548124
04338	0.376406
04338	0.323430
04338	0.399395
04338	0.429841
04758	0.421227
04758	0.324005
04758	0.475438
04758	0.313715
04758	0.393559
04758	0.408506
04758	0.300386
04758	0.416350
04758	0.267252
04758	0.397065
04758	0.343777
04758	0.323909
04758	0.396399
04758	0.253404
04758	0.350588
04709	0.408077
04709	0.441327
04709	0.281810
04709	0.294092
04709	0.383641
04709	0.389701
04709	0.418216
04709	0.260063
04709	0.256027
04709	0.333450
04709	0.402730
04709	0.418833
04709	0.236002
04709	0.217166
04709	0.333962
04319	0.409880
04319	0.386622
04319	0.442496
04319	0.478829
04319	0.600338
04319	0.409111
04319	0.384901
04319	0.402555
04319	0.486522
04319	0.555687
04319	0.488903
04319	0.466490
04319	0.508957
04319	0.475305
04319	0.665505
04904	0.487992
04904	0.383281
04904	0.534553
04904	0.327612
04904	0.466382
04904	0.429076
04904	0.348832
04904	0.461152
04904	0.309824
04904	0.423313
04904	0.412427
04904	0.384823
04904	0.477898
04904	0.335085
04904	0.437924
04833	0.390791
04833	0.348959
04833	0.336190
04833	0.324286
04833	0.332220
04833	0.443265
04833	0.374707
04833	0.357969
04833	0.324312
04833	0.361000
04833	0.394958
04833	0.345943
04833	0.325788
04833	0.350487
04833	0.339722
04516	0.219700
04516	0.255860
04516	0.356049
04516	0.377773
04516	0.407173
04516	0.227141
04516	0.245509
04516	0.371582
04516	0.354158
04516	0.381984
04516	0.318327
04516	0.349547
04516	0.434807
04516	0.421617
04516	0.455089
04838	0.458868
04838	0.463650
04838	0.520444
04838	0.417476
04838	0.500063
04838	0.521982
04838	0.523739
04838	0.526138
04838	0.444652
04838	0.587851
04838	0.504918
04838	0.515407
04838	0.454736
04838	0.491677
04838	0.541772
04790	0.328324
04790	0.343429
04790	0.281717
04790	0.308162
04790	0.347720
04790	0.342250
04790	0.368668
04790	0.295923
04790	0.305224
04790	0.431835
04790	0.306343
04790	0.346407
04790	0.312272
04790	0.307363
04790	0.421073
04780	0.389302
04780	0.356141
04780	0.361778
04780	0.389032
04780	0.500810
04780	0.422999
04780	0.302670
04780	0.426406
04780	0.416452
04780	0.401136
04780	0.456968
04780	0.313274
04780	0.413744
04780	0.451029
04780	0.364236
04854	0.474952
04854	0.575804
04854	0.431176
04854	0.509407
04854	0.493499
04854	0.619684
04854	0.427709
04854	0.480063
04854	0.481717
04854	0.538050
04854	0.450999
04854	0.519422
04824	0.109005
04824	0.110421
04824	0.391090
04824	0.137025
04824	0.149961
04824	0.352062
04581	0.405961
04581	0.355260
04581	0.422908
04581	0.465846
04581	0.369733
04581	0.309041
04581	0.374069
04581	0.449605
04581	0.366705
04581	0.330880
04581	0.394933
04581	0.424768
04374	0.418336
04374	0.484968
04374	0.549575
04374	0.500270
04374	0.461831
04374	0.426139
04374	0.414642
04374	0.534717
04374	0.509300
04374	0.488874
04374	0.466763
04374	0.465377
04374	0.576281
04374	0.504271
04374	0.493535
04905	0.438936
04905	0.433002
04905	0.421355
04905	0.524114
04905	0.401780
04905	0.400084
04905	0.450248
04905	0.337650
04905	0.451678
04905	0.432641
04905	0.474279
04905	0.452238
04905	0.430064
04905	0.566999
04905	0.381177
04202	0.453758
04202	0.473754
04202	0.359473
04202	0.449119
04202	0.440522
04202	0.450036
04202	0.464308
04202	0.333558
04202	0.444589
04202	0.458182
04202	0.375473
04202	0.345247
04202	0.289927
04202	0.345548
04202	0.324857
04652	0.584821
04652	0.497372
04652	0.524941
04652	0.518643
04652	0.474317
04652	0.662446
04652	0.552407
04652	0.543489
04652	0.551968
04652	0.526106
04652	0.682635
04652	0.612041
04652	0.613205
04652	0.606079
04652	0.557325
04419	0.501799
04419	0.504818
04419	0.484897
04419	0.531642
04419	0.328190
04419	0.437407
04419	0.515056
04419	0.423395
04419	0.550170
04419	0.344763
04419	0.463445
04419	0.433219
04419	0.515501
04419	0.462604
04419	0.313540
04256	0.257635
04256	0.414108
04256	0.408201
04256	0.269296
04256	0.404304
04256	0.434280
04256	0.335824
04256	0.461722
04256	0.488052
04922	0.248491
04922	0.338717
04922	0.397386
04922	0.232401
04922	0.358587
04922	0.397755
04922	0.251010
04922	0.314902
04922	0.374795
04922	0.322993
04922	0.372031
04922	0.389990
04785	0.469963
04785	0.381072
04785	0.444110
04785	0.492603
04785	0.476502
04785	0.480418
04785	0.326822
04785	0.420469
04785	0.517766
04785	0.495354
04785	0.456873
04785	0.354114
04785	0.403485
04785	0.501749
04785	0.452038
04632	0.329379
04632	0.356812
04632	0.396967
04632	0.476844
04632	0.536566
04632	0.379508
04632	0.407746
04632	0.456276
04632	0.495110
04632	0.598968
04632	0.387159
04632	0.361575
04632	0.337981
04632	0.544979
04632	0.480462
04596	0.338152
04596	0.444592
04596	0.437258
04596	0.465253
04596	0.385159
04596	0.354430
04596	0.463554
04596	0.441464
04596	0.460711
04596	0.307059
04596	0.243111
04596	0.331307
04596	0.328031
04596	0.447713
04596	0.244167
04924	0.372872
04924	0.372739
04924	0.406223
04924	0.302336
04924	0.296831
04924	0.327949
04924	0.383880
04924	0.367211
04924	0.383841
04924	0.397886
04924	0.382357
04924	0.393651
04802	0.554123
04802	0.591968
04802	0.582207
04802	0.518089
04802	0.617392
04802	0.610842
04802	0.408827
04802	0.519519
04802	0.584177
04683	0.351790
04683	0.347978
04683	0.237536
04683	0.249439
04683	0.333623
04683	0.312541
04683	0.207554
04683	0.243419
04683	0.383668
04683	0.401865
04683	0.313059
04683	0.359524
04810	0.444506
04810	0.461284
04810	0.435062
04810	0.440856
04810	0.394964
04810	0.433127
04810	0.407818
04810	0.401870
04810	0.403416
04810	0.468858
04810	0.390314
04810	0.494279
04588	0.458028
04588	0.477873
04588	0.476795
04588	0.542797
04588	0.539230
04588	0.346099
04588	0.374088
04588	0.470983
04588	0.455078
04588	0.451099
04588	0.373358
04588	0.427968
04588	0.494571
04588	0.492846
04588	0.497021
04320	0.361384
04320	0.394013
04320	0.422566
04320	0.336943
04320	0.404547
04320	0.392442
04320	0.366826
04320	0.383692
04320	0.324933
04320	0.440150
04320	0.432719
04320	0.392393
04733	0.506384
04733	0.503571
04733	0.496469
04733	0.420382
04733	0.427429
04733	0.436750
04733	0.417511
04733	0.515051
04733	0.500215
04842	0.289425
04842	0.343526
04842	0.445127
04842	0.410665
04842	0.425588
04842	0.301573
04842	0.346077
04842	0.461257
04842	0.380072
04842	0.395776
04842	0.265630
04842	0.352044
04842	0.429908
04842	0.424734
04842	0.426567
04575	0.358753
04575	0.304696
04575	0.298838
04575	0.308621
04575	0.252111
04575	0.272300
04575	0.299348
04575	0.251186
04575	0.245122
04540	0.503074
04540	0.438464
04540	0.433775
04540	0.404563
04540	0.403540
04540	0.428861
04540	0.331722
04540	0.348939
04540	0.301837
04540	0.388075
04540	0.483627
04540	0.424048
04540	0.395713
04540	0.378348
04540	0.377085
04589	0.566660
04589	0.499787
04589	0.441067
04589	0.434430
04589	0.483013
04589	0.577419
04589	0.541191
04589	0.449722
04589	0.413300
04589	0.378695
04589	0.534191
04589	0.490320
04589	0.422353
04589	0.370965
04589	0.392187
04789	0.120755
04789	0.421308
04789	0.485871
04789	0.156730
04789	0.434373
04789	0.428248
04789	0.181237
04789	0.441633
04789	0.419978
04705	0.654220
04705	0.515691
04705	0.471096
04705	0.555175
04705	0.691636
04705	0.541233
04705	0.527261
04705	0.590030
04705	0.704070
04705	0.526632
04705	0.481313
04705	0.568761
04548	0.483983
04548	0.505136
04548	0.346349
04548	0.479486
04548	0.497408
04548	0.301732
04548	0.525365
04548	0.545152
04548	0.314734
04225	0.488258
04225	0.366298
04225	0.369338
04225	0.455395
04225	0.375349
04225	0.386696
04225	0.412238
04225	0.429005
04225	0.405669
04749	0.526416
04749	0.397871
04749	0.424007
04749	0.413338
04749	0.464846
04749	0.485128
04749	0.342969
04749	0.386344
04749	0.317609
04749	0.376147
04749	0.467302
04749	0.356328
04749	0.428580
04749	0.368031
04749	0.484236
04261	0.457406
04261	0.485863
04261	0.446148
04261	0.447960
04261	0.386539
04261	0.381104
04261	0.365416
04261	0.412885
04261	0.477995
04261	0.492673
04261	0.473801
04261	0.516040
04743	0.434282
04743	0.506168
04743	0.618469
04743	0.435279
04743	0.515241
04743	0.633716
04743	0.331451
04743	0.438544
04743	0.558244
04417	0.415315
04417	0.341891
04417	0.369469
04417	0.419749
04417	0.427553
04417	0.423195
04417	0.440756
04417	0.393914
04417	0.352694
04537	0.441258
04537	0.548771
04537	0.499496
04537	0.402994
04537	0.362986
04537	0.494509
04537	0.617640
04537	0.582555
04537	0.351767
04537	0.380072
04537	0.456164
04537	0.603366
04537	0.542047
04537	0.348311
04537	0.405021
04907	0.414329
04907	0.564149
04907	0.534358
04907	0.451404
04907	0.268600
04907	0.470101
04907	0.612154
04907	0.559254
04907	0.420193
04907	0.311817
04907	0.439349
04907	0.569453
04907	0.535449
04907	0.509621
04907	0.376936
04907	0.416443
04907	0.498466
04907	0.482753
04907	0.465906
04907	0.289939
04821	0.268351
04821	0.347518
04821	0.384067
04821	0.344010
04821	0.400863
04821	0.266769
04821	0.324601
04821	0.373753
04821	0.289902
04821	0.370281
04821	0.348083
04821	0.427064
04821	0.485764
04821	0.467825
04821	0.436998
04587	0.511405
04587	0.474891
04587	0.584969
04587	0.461254
04587	0.493821
04587	0.436290
04587	0.422909
04587	0.513029
04587	0.385243
04587	0.438112
04587	0.551798
04587	0.486611
04587	0.598978
04587	0.418544
04587	0.471728
04880	0.375471
04880	0.368633
04880	0.439403
04880	0.438373
04880	0.394526
04880	0.388846
04880	0.494917
04880	0.512308
04451	0.493685
04451	0.397292
04451	0.436920
04451	0.458012
04451	0.381913
04451	0.459943
04451	0.493935
04451	0.336401
04451	0.396900
04585	0.607112
04585	0.670291
04585	0.527742
04585	0.551465
04585	0.599242
04585	0.655518
04585	0.692348
04585	0.535262
04585	0.643158
04585	0.682375
04585	0.586373
04585	0.618069
04585	0.468854
04585	0.556896
04585	0.605916
04388	0.734234
04388	0.442799
04388	0.543412
04388	0.462562
04388	0.602093
04388	0.755018
04388	0.439965
04388	0.570392
04388	0.509498
04388	0.694017
04388	0.708062
04388	0.444328
04388	0.542165
04388	0.451521
04388	0.619373
04742	0.285686
04742	0.412361
04742	0.248518
04742	0.325803
04742	0.262171
04742	0.280522
04742	0.345521
04742	0.236658
04742	0.246300
04742	0.221033
04742	0.319384
04742	0.399672
04742	0.283327
04742	0.370850
04742	0.266165
04473	0.401022
04473	0.281877
04473	0.299283
04473	0.342044
04473	0.327291
04473	0.446698
04473	0.334243
04473	0.322129
04473	0.343711
04473	0.375851
04473	0.446145
04473	0.340571
04473	0.363555
04473	0.336025
04473	0.288973
04830	0.460903
04830	0.405719
04830	0.510762
04830	0.618001
04830	0.467692
04830	0.470810
04830	0.511225
04830	0.553987
04830	0.578066
04830	0.531258
04830	0.659570
04830	0.684064
04848	0.489499
04848	0.473600
04848	0.537726
04848	0.508042
04848	0.446409
04848	0.565872
04848	0.528794
04848	0.638737
04848	0.588668
04848	0.489170
04848	0.552155
04848	0.453561
04848	0.604660
04848	0.584161
04848	0.480255
04560	0.349689
04560	0.377129
04560	0.311073
04560	0.304110
04560	0.287029
04560	0.452583
04560	0.475901
04560	0.547318
04560	0.504812
04560	0.469573
04560	0.413919
04560	0.390498
04560	0.436168
04560	0.375562
04560	0.358563
04370	0.670693
04370	0.624608
04370	0.662632
04370	0.558721
04370	0.559007
04370	0.675867
04370	0.569900
04370	0.658749
04370	0.400703
04370	0.460775
04370	0.677126
04370	0.558724
04370	0.630016
04370	0.455313
04370	0.492731
04301	0.422967
04301	0.331744
04301	0.407325
04301	0.355888
04301	0.433728
04301	0.382191
04301	0.422980
04301	0.391924
04301	0.444442
04301	0.334782
04301	0.428900
04301	0.396846
04302	0.329599
04302	0.431830
04302	0.343507
04302	0.324844
04302	0.363274
04302	0.388642
04302	0.470535
04302	0.354548
04302	0.332278
04302	0.356475
04302	0.244630
04302	0.359979
04302	0.293508
04302	0.231548
04302	0.241652
04305	0.128400
04305	0.178012
04305	0.151869
04305	0.157786
04305	0.125835
04305	0.137320
04305	0.151631
04305	0.160149
04305	0.215533
04305	0.150580
04305	0.171925
04305	0.190453
04305	0.177860
04305	0.202941
04305	0.155116
04408	0.451892
04408	0.536068
04408	0.559371
04408	0.423652
04408	0.545517
04408	0.550789
04408	0.618992
04408	0.605372
04408	0.454090
04408	0.636510
04408	0.487978
04408	0.510121
04408	0.481745
04408	0.386885
04408	0.546500
04579	0.388972
04579	0.351001
04579	0.442455
04579	0.531945
04579	0.553311
04579	0.399551
04579	0.354689
04579	0.378107
04579	0.475831
04579	0.471382
04579	0.462172
04579	0.415814
04579	0.460103
04579	0.480712
04579	0.565988
04767	0.398464
04767	0.411462
04767	0.457376
04767	0.466781
04767	0.393294
04767	0.377067
04767	0.423718
04767	0.449418
04767	0.404654
04767	0.346671
04767	0.345148
04767	0.404172
04767	0.453256
04767	0.364558
04767	0.322654
04933	0.305057
04933	0.290850
04933	0.313886
04933	0.349019
04933	0.300246
04933	0.321118
04933	0.355858
04933	0.269387
04933	0.314505
04933	0.449921
04933	0.339573
04933	0.395840
04803	0.390584
04803	0.379987
04803	0.272078
04803	0.556220
04803	0.526057
04803	0.330527
04803	0.483461
04803	0.371452
04803	0.245685
04511	0.413701
04511	0.375260
04511	0.417795
04511	0.407153
04511	0.472542
04511	0.458588
04511	0.430131
04511	0.393697
04511	0.417182
04511	0.459782
04511	0.385823
04511	0.397407
04511	0.343685
04511	0.405335
04511	0.363033
04901	0.345834
04901	0.332488
04901	0.344310
04901	0.377608
04901	0.402073
04901	0.340036
04901	0.376154
04901	0.313366
04901	0.373810
04901	0.352474
04901	0.314064
04901	0.426012
04901	0.322446
04901	0.317716
04901	0.398044
04404	0.351735
04404	0.475836
04404	0.396225
04404	0.402061
04404	0.383972
04404	0.517942
04404	0.438867
04404	0.433713
04404	0.483958
04404	0.550187
04404	0.490320
04404	0.594085
04915	0.273895
04915	0.255269
04915	0.287354
04915	0.323786
04915	0.263166
04915	0.252947
04915	0.300500
04915	0.308481
04915	0.274504
04915	0.261771
04915	0.347291
04915	0.351375
04915	0.313288
04915	0.293966
04915	0.382905
04915	0.388773
04754	0.355351
04754	0.340363
04754	0.420055
04754	0.356479
04754	0.397217
04313	0.328784
04313	0.401908
04313	0.267150
04313	0.392634
04313	0.471529
04313	0.298880
04313	0.303950
04313	0.355780
04313	0.285434
04222	0.309645
04222	0.436022
04222	0.442630
04222	0.431998
04222	0.455828
04222	0.358159
04222	0.395107
04222	0.449357
04222	0.453871
04222	0.445193
04222	0.355403
04222	0.462598
04222	0.503009
04222	0.484560
04222	0.488396
04347	0.354972
04347	0.332455
04347	0.391242
04347	0.231699
04347	0.256938
04347	0.361592
04347	0.332988
04347	0.387792
04347	0.229636
04347	0.226678
04347	0.347979
04347	0.369388
04347	0.390558
04347	0.272160
04347	0.304104
04627	0.512653
04627	0.426400
04627	0.526561
04627	0.367228
04766	0.501378
04766	0.570574
04766	0.562039
04918	0.464659
04918	0.371334
04918	0.431058
04918	0.410434
04918	0.395059
04918	0.447289
04918	0.443965
04918	0.461782
04918	0.487758
04918	0.429347
04918	0.431987
04918	0.433201
04433	0.507619
04433	0.477691
04433	0.465448
04433	0.447748
04433	0.431848
04433	0.472672
04433	0.502896
04433	0.511941
04433	0.482915
04482	0.431581
04482	0.378532
04482	0.407757
04482	0.419623
04482	0.419905
04482	0.386671
04482	0.325923
04482	0.318679
04482	0.339788
04482	0.512499
04482	0.404190
04482	0.333826
04482	0.335288
04482	0.351099
04482	0.476447
04708	0.464917
04708	0.465609
04708	0.516458
04708	0.528457
04708	0.460002
04708	0.442445
04708	0.439255
04708	0.455951
04708	0.429835
04708	0.442952
04708	0.427839
04708	0.516132
04708	0.512683
04708	0.498868
04708	0.470480
04431	0.422728
04431	0.406929
04431	0.453701
04431	0.266222
04431	0.308926
04431	0.422850
04431	0.423110
04431	0.478809
04431	0.257237
04431	0.346144
04431	0.433469
04431	0.463462
04431	0.571400
04431	0.346642
04431	0.372608
04365	0.367199
04365	0.441453
04365	0.413313
04365	0.407127
04365	0.277873
04365	0.438819
04365	0.551865
04365	0.559241
04365	0.493280
04365	0.410612
04365	0.405335
04365	0.462115
04365	0.429161
04365	0.391721
04365	0.269576
04493	0.363368
04493	0.414792
04493	0.507226
04493	0.528029
04493	0.586912
04493	0.487190
04493	0.353935
04493	0.383703
04493	0.503432
04836	0.551620
04836	0.464586
04836	0.517868
04836	0.406798
04836	0.524041
04836	0.521616
04836	0.459532
04836	0.490012
04836	0.389901
04836	0.446857
04836	0.513148
04836	0.449252
04836	0.456322
04836	0.387320
04836	0.424462
04626	0.226674
04626	0.316790
04626	0.245404
04626	0.234555
04626	0.294077
04626	0.277580
04626	0.320768
04626	0.305037
04626	0.248932
04626	0.312868
04626	0.283174
04626	0.354398
04626	0.255329
04626	0.235033
04626	0.348146
04427	0.497922
04427	0.445034
04427	0.468647
04427	0.412410
04427	0.508348
04427	0.424566
04427	0.413571
04427	0.481063
04427	0.336783
04427	0.490884
04427	0.345282
04427	0.368515
04427	0.371250
04427	0.351791
04427	0.439103
04778	0.500924
04778	0.587557
04778	0.456727
04778	0.589822
04778	0.367299
04778	0.571539
04778	0.600736
04778	0.453587
04778	0.620841
04778	0.438390
04778	0.474162
04778	0.546168
04778	0.432416
04778	0.543537
04778	0.362849
04800	0.401034
04800	0.384900
04800	0.330607
04380	0.282565
04380	0.247733
04380	0.352145
04380	0.323040
04380	0.338208
04380	0.359575
04380	0.280328
04380	0.400720
04380	0.358710
04380	0.406706
04380	0.402194
04380	0.382880
04380	0.365325
04380	0.350211
04380	0.373461
04872	0.542351
04872	0.569445
04872	0.623420
04472	0.498374
04472	0.463685
04472	0.536653
04472	0.465541
04472	0.544942
04472	0.605330
04472	0.498633
04472	0.597397
04472	0.501557
04472	0.566920
04472	0.503701
04472	0.400779
04472	0.419989
04472	0.422855
04472	0.460233
04406	0.519996
04406	0.440689
04406	0.438538
04406	0.534952
04406	0.416004
04406	0.399102
04406	0.501078
04406	0.368983
04406	0.385329
04823	0.435141
04823	0.348051
04823	0.390616
04823	0.437028
04823	0.446499
04823	0.477303
04823	0.359028
04823	0.417341
04823	0.445698
04823	0.446985
04823	0.497875
04823	0.411922
04823	0.463920
04823	0.499052
04823	0.443187
04717	0.421150
04717	0.381825
04717	0.396084
04717	0.492588
04717	0.375284
04717	0.355275
04717	0.529887
04717	0.350558
04717	0.353463
04300	0.388461
04300	0.477767
04300	0.435449
04300	0.483051
04300	0.567178
04300	0.364330
04300	0.415602
04300	0.466940
04300	0.511954
04300	0.545532
04300	0.340181
04300	0.421119
04300	0.399559
04300	0.454486
04300	0.484560
04827	0.343995
04827	0.443187
04827	0.353006
04827	0.363851
04827	0.429027
04827	0.360495
04827	0.389947
04827	0.326255
04827	0.297327
04827	0.367573
04827	0.364051
04827	0.437515
04827	0.308724
04827	0.410955
04827	0.421100
04598	0.541757
04598	0.494179
04598	0.413135
04598	0.563436
04598	0.361730
04598	0.548136
04598	0.484850
04598	0.434735
04598	0.535802
04598	0.356915
04598	0.537337
04598	0.494793
04598	0.417375
04598	0.569235
04598	0.357323
04631	0.357407
04631	0.412077
04631	0.319773
04631	0.248729
04631	0.248088
04631	0.319571
04631	0.364457
04631	0.261473
04631	0.215447
04631	0.212436
04631	0.360920
04631	0.366119
04631	0.326592
04631	0.281282
04631	0.272037
04876	0.665962
04876	0.622873
04876	0.583857
04876	0.554467
04876	0.538225
04876	0.574695
04876	0.638336
04876	0.531592
04876	0.524578
04876	0.597824
04876	0.653701
04876	0.642309
04876	0.616161
04876	0.575855
04876	0.512839
04644	0.465835
04644	0.528487
04644	0.372551
04644	0.602818
04644	0.397272
04644	0.452564
04644	0.346773
04644	0.535897
04644	0.485976
04644	0.553528
04644	0.358346
04644	0.527593
04853	0.301294
04853	0.353339
04853	0.419907
04853	0.330455
04853	0.326959
04853	0.366460
04853	0.472256
04853	0.408325
04853	0.384467
04853	0.362381
04853	0.376347
04853	0.394954
04853	0.452056
04853	0.402843
04853	0.380050
04485	0.493673
04485	0.513801
04485	0.426515
04485	0.367338
04485	0.452370
04485	0.554364
04485	0.569138
04485	0.467055
04485	0.393014
04485	0.472351
04485	0.508101
04485	0.532946
04485	0.438222
04485	0.376449
04485	0.476571
04366	0.235058
04366	0.254483
04366	0.300004
04628	0.382590
04628	0.401810
04628	0.361319
04628	0.469086
04628	0.550191
04628	0.359973
04628	0.425448
04628	0.296371
04628	0.452471
04628	0.519662
04628	0.375642
04628	0.441540
04628	0.343594
04628	0.502501
04628	0.477254
04429	0.428658
04429	0.431065
04429	0.323092
04429	0.419115
04429	0.432006
04429	0.344125
04429	0.417672
04429	0.427302
04429	0.269883
04818	0.492770
04818	0.599827
04818	0.528632
04818	0.521241
04818	0.391698
04818	0.450773
04818	0.535143
04818	0.470936
04818	0.412793
04818	0.329649
04818	0.414461
04818	0.535826
04818	0.436593
04818	0.348826
04818	0.309408
04349	0.468975
04349	0.442823
04349	0.410442
04349	0.337700
04349	0.400751
04349	0.350117
04349	0.318943
04349	0.331311
04349	0.221839
04349	0.347014
04349	0.497296
04349	0.484743
04349	0.414629
04349	0.356552
04349	0.340680
04418	0.283825
04418	0.329136
04418	0.426720
04418	0.481048
04418	0.249497
04418	0.268169
04418	0.346378
04418	0.414750
04418	0.313978
04418	0.332777
04418	0.442213
04418	0.462987
04776	0.500451
04776	0.459254
04776	0.384117
04776	0.572973
04776	0.473912
04776	0.491374
04776	0.489628
04776	0.436637
04776	0.445632
04381	0.729784
04381	0.845564
04381	0.906570
04381	0.645370
04381	0.768541
04381	0.749135
04381	0.585109
04381	0.713998
04381	0.729776
04446	0.369479
04446	0.459518
04446	0.428177
04446	0.343620
04446	0.361677
04446	0.397918
04446	0.550063
04446	0.490314
04446	0.367883
04446	0.508280
04446	0.559775
04446	0.548473
04446	0.452150
04446	0.467384
04446	0.434904
04523	0.265773
04523	0.353521
04523	0.390294
04523	0.282307
04523	0.280134
04523	0.327430
04523	0.282493
04523	0.299223
04523	0.357004
04806	0.298481
04806	0.372521
04806	0.406609
04806	0.394455
04806	0.432627
04806	0.412301
04806	0.448914
04806	0.496228
04806	0.477400
04806	0.404375
04806	0.378132
04806	0.412500
04806	0.463453
04806	0.445797
04806	0.392814
04898	0.345512
04898	0.423212
04898	0.257074
04898	0.374277
04898	0.392104
04898	0.438499
04898	0.330850
04898	0.397651
04898	0.401261
04898	0.511891
04898	0.368564
04898	0.457831
04513	0.644205
04513	0.645449
04513	0.678392
04513	0.637027
04513	0.469252
04513	0.709884
04513	0.704864
04513	0.713175
04513	0.739182
04513	0.546911
04513	0.552013
04513	0.567307
04513	0.616908
04513	0.548475
04513	0.429075
04344	0.455988
04344	0.409450
04344	0.270187
04344	0.514245
04344	0.431802
04344	0.356364
04344	0.464637
04344	0.369450
04344	0.299619
04495	0.539508
04495	0.568624
04495	0.471371
04495	0.415446
04495	0.530117
04495	0.499231
04495	0.598485
04495	0.498778
04495	0.480545
04495	0.550362
04495	0.548300
04495	0.615669
04495	0.504436
04495	0.454122
04495	0.534678
04667	0.361615
04667	0.319820
04667	0.444710
04667	0.416074
04667	0.429990
04667	0.363605
04667	0.370616
04667	0.450309
04667	0.416131
04667	0.466043
04667	0.402913
04667	0.357430
04667	0.499117
04667	0.472100
04667	0.485223
04850	0.454423
04850	0.444721
04850	0.419202
04850	0.382054
04850	0.424741
04850	0.530993
04850	0.461441
04850	0.494459
04850	0.451410
04850	0.466419
04850	0.506420
04850	0.447758
04850	0.370431
04850	0.430770
04850	0.451101
04736	0.342723
04736	0.418582
04736	0.550190
04736	0.552392
04736	0.351169
04736	0.399631
04736	0.458010
04736	0.552554
04736	0.286626
04736	0.337167
04736	0.418636
04736	0.460558
04322	0.388612
04322	0.391700
04322	0.435993
04322	0.440211
04322	0.259020
04322	0.278798
04322	0.518077
04322	0.495180
04322	0.395804
04322	0.376305
04322	0.468159
04322	0.453086
04286	0.351843
04286	0.382403
04286	0.494539
04286	0.470343
04286	0.489748
04286	0.394395
04286	0.394980
04286	0.447745
04286	0.492992
04286	0.489135
04286	0.309476
04286	0.363613
04286	0.466781
04286	0.440009
04286	0.504884
04865	0.334736
04865	0.366546
04865	0.341804
04865	0.370746
04865	0.351828
04865	0.385217
04865	0.481715
04865	0.369150
04865	0.390979
04865	0.384067
04865	0.367434
04865	0.411878
04865	0.438445
04865	0.429928
04865	0.329424
04777	0.347416
04777	0.417867
04777	0.340182
04777	0.328671
04777	0.331237
04777	0.409806
04777	0.433192
04777	0.307948
04777	0.289719
04777	0.328036
04777	0.286492
04777	0.371257
04777	0.255934
04777	0.261550
04777	0.280964
04622	0.439345
04622	0.393979
04622	0.530077
04622	0.459372
04622	0.350573
04622	0.351112
04622	0.497711
04622	0.387585
04622	0.376612
04622	0.384360
04622	0.457797
04622	0.324661
04786	0.196138
04786	0.313651
04786	0.262348
04786	0.367387
04786	0.356067
04786	0.269146
04786	0.319719
04786	0.308418
04786	0.361876
04786	0.350271
04786	0.304338
04786	0.277385
04786	0.306237
04786	0.400059
04786	0.380661
04731	0.556452
04731	0.512088
04731	0.350754
04731	0.437640
04731	0.567634
04731	0.584104
04731	0.535257
04731	0.378649
04731	0.464575
04731	0.568082
04731	0.488735
04731	0.540980
04731	0.346238
04731	0.467141
04731	0.538100
04507	0.416843
04507	0.309042
04507	0.333663
04507	0.419104
04507	0.347361
04507	0.331273
04507	0.356631
04507	0.373856
04507	0.364056
04843	0.443821
04843	0.432145
04843	0.472664
04843	0.454074
04843	0.440593
04843	0.475411
04843	0.480339
04843	0.393950
04843	0.531149
04843	0.504837
04843	0.496493
04843	0.414987
04843	0.530500
04843	0.439158
04843	0.420667
04720	0.355830
04720	0.396953
04720	0.396821
04720	0.516628
04720	0.574079
04720	0.410041
04720	0.381328
04720	0.357488
04720	0.470224
04720	0.513475
04720	0.350339
04720	0.363593
04720	0.409014
04720	0.425309
04720	0.545974
04903	0.449294
04903	0.319437
04903	0.348247
04903	0.344447
04903	0.321661
04903	0.457184
04903	0.308513
04903	0.337287
04903	0.291312
04903	0.297446
04903	0.469100
04903	0.274900
04903	0.354805
04903	0.390201
04903	0.349809
02463	0.480769
02463	0.433074
02463	0.443669
02463	0.452734
02463	0.628421
02463	0.502462
02463	0.434076
02463	0.458305
02463	0.411957
02463	0.596507
02463	0.610478
02463	0.533454
02463	0.475363
02463	0.482543
02463	0.642431
04606	0.503413
04606	0.439416
04606	0.399401
04606	0.424000
04606	0.650980
04606	0.609296
04606	0.479715
04606	0.490673
04606	0.578227
04606	0.556759
04606	0.435655
04606	0.516274
04734	0.287344
04734	0.378799
04734	0.274366
04734	0.401661
04734	0.492776
04734	0.293097
04734	0.466109
04734	0.273251
04734	0.471663
04734	0.515571
04734	0.231674
04734	0.444076
04734	0.343076
04734	0.566561
04734	0.482116
04863	0.280019
04863	0.313244
04863	0.351897
04863	0.354606
04863	0.335854
04863	0.323185
04863	0.375923
04863	0.361735
04863	0.350769
04863	0.255060
04863	0.345135
04863	0.392611
04863	0.381612
04863	0.384196
04863	0.287112
04869	0.498021
04869	0.408246
04869	0.507506
04869	0.434702
04869	0.402685
04869	0.496401
04869	0.384655
04869	0.476791
04869	0.451057
04869	0.369416
04869	0.541381
04869	0.417063
04869	0.495083
04869	0.462827
04869	0.359543
04673	0.648972
04673	0.422398
04673	0.515903
04673	0.406161
04673	0.394259
04673	0.572150
04673	0.446185
04673	0.447176
04673	0.352774
04673	0.353987
04673	0.678855
04673	0.490035
04673	0.463925
04673	0.406452
04673	0.371668
04593	0.451173
04593	0.432753
04593	0.316668
04593	0.321551
04593	0.420977
04593	0.414841
04593	0.424302
04593	0.317083
04593	0.253852
04593	0.445289
04593	0.389619
04593	0.442856
04593	0.323231
04593	0.297855
04593	0.390370
04772	0.256538
04772	0.322410
04772	0.287071
04772	0.251492
04772	0.208495
04772	0.293118
04772	0.384082
04772	0.338024
04772	0.277713
04772	0.241409
04772	0.275948
04772	0.381113
04772	0.362396
04772	0.266879
04772	0.228923
04504	0.376731
04504	0.367810
04504	0.357389
04787	0.555634
04787	0.512308
04787	0.425013
04787	0.362031
04787	0.378919
04787	0.499517
04787	0.392695
04787	0.411244
04787	0.265047
04787	0.352392
04787	0.433805
04787	0.332661
04787	0.389524
04787	0.300796
04787	0.323827
04750	0.456276
04750	0.350297
04750	0.527679
04750	0.319049
04750	0.399832
04750	0.494708
04750	0.391563
04750	0.553817
04750	0.424797
04750	0.423490
04750	0.525735
04750	0.394461
04750	0.529768
04750	0.460886
04750	0.456873
04893	0.487451
04893	0.490651
04893	0.496434
04893	0.624752
04893	0.626785
04893	0.398086
04893	0.397343
04893	0.410306
04893	0.542347
04893	0.538352
04893	0.445812
04893	0.444445
04893	0.426915
04893	0.541252
04893	0.541528
04936	0.380793
04936	0.367191
04936	0.394883
04936	0.392214
04936	0.411214
04936	0.444755
04936	0.388069
04936	0.356232
04936	0.401983
04936	0.413386
04936	0.449827
04936	0.395604
04936	0.388988
04936	0.433037
04936	0.469584
04936	0.528311
04936	0.428826
04936	0.422298
04936	0.516166
04936	0.559001
04449	0.453830
04449	0.323666
04449	0.346188
04449	0.438257
04449	0.384774
04449	0.420114
04449	0.304684
04449	0.341883
04449	0.419779
04449	0.413052
04449	0.427853
04449	0.288664
04449	0.344989
04449	0.426175
04449	0.303209
04646	0.411181
04646	0.386748
04646	0.288220
04646	0.482603
04646	0.425727
04646	0.263091
